-0.72 0.305 0.53 -0.17 -0.734167 0.2575
-0.72 0.305 0.53 -0.170833 -0.733333 0.2575
-0.72 0.31 0.535 -0.1775 -0.729167 0.268333
-0.715 0.325 0.51 -0.18 -0.71 0.2975
-0.715 0.285 0.515 -0.159167 -0.723333 0.200833
-0.715 0.31 0.525 -0.173333 -0.729167 0.259167
-0.725 0.285 0.5 -0.156667 -0.7475 0.158333
-0.72 0.29 0.53 -0.166667 -0.7375 0.230833
-0.71 0.325 0.53 -0.181667 -0.711667 0.275
-0.72 0.32 0.505 -0.1825 -0.724167 0.285
-0.725 0.32 0.525 -0.1775 -0.73 0.28
-0.72 0.295 0.52 -0.161667 -0.741667 0.225833
-0.72 0.305 0.53 -0.169167 -0.740833 0.2475
-0.72 0.295 0.53 -0.17 -0.734167 0.234167
-0.73 0.325 0.51 -0.183333 -0.7225 0.354167
-0.725 0.315 0.545 -0.185 -0.7425 0.27
-0.72 0.305 0.52 -0.173333 -0.741667 0.246667
-0.71 0.305 0.525 -0.178333 -0.723333 0.24
-0.725 0.31 0.535 -0.171667 -0.7525 0.2575
-0.72 0.305 0.53 -0.173333 -0.746667 0.246667
-0.715 0.31 0.495 -0.166667 -0.745 0.2475
-0.72 0.33 0.525 -0.18 -0.745833 0.269167
-0.725 0.375 0.54 -0.205 -0.723333 0.360833
-0.72 0.305 0.535 -0.173333 -0.739167 0.25
-0.715 0.31 0.53 -0.174167 -0.7425 0.254167
-0.73 0.31 0.52 -0.170833 -0.740833 0.274167
-0.64 0.32 0.63 -0.165833 -0.750833 0.244167
-0.645 0.325 0.62 -0.163333 -0.750833 0.255
-0.645 0.32 0.61 -0.1625 -0.764167 0.244167
-0.645 0.315 0.625 -0.16 -0.749167 0.229167
-0.635 0.325 0.625 -0.168333 -0.754167 0.2525
-0.635 0.32 0.645 -0.174167 -0.758333 0.25
-0.64 0.335 0.615 -0.1725 -0.755833 0.266667
-0.64 0.32 0.625 -0.170833 -0.760833 0.2475
-0.64 0.32 0.625 -0.164167 -0.765 0.24
-0.65 0.335 0.625 -0.1725 -0.775833 0.2775
-0.645 0.32 0.585 -0.1675 -0.735 0.254167
-0.635 0.335 0.64 -0.178333 -0.7725 0.276667
-0.64 0.215 0.71 -0.135 -0.8125 0.191667
-0.635 0.225 0.685 -0.134167 -0.811667 0.219167
-0.63 0.2 0.69 -0.1275 -0.801667 0.1625
-0.635 0.205 0.695 -0.134167 -0.810833 0.18
-0.63 0.22 0.705 -0.135833 -0.810833 0.205
-0.64 0.235 0.7 -0.143333 -0.7875 0.230833
-0.63 0.21 0.695 -0.135833 -0.795 0.188333
-0.635 0.21 0.685 -0.129167 -0.800833 0.1825
-0.635 0.225 0.68 -0.14 -0.8 0.220833
-0.625 0.205 0.71 -0.130833 -0.7975 0.170833
-0.635 0.21 0.705 -0.133333 -0.815833 0.1975
-0.635 0.2 0.69 -0.125833 -0.779167 0.170833
-0.63 0.23 0.66 -0.133333 -0.755 0.234167
-0.63 0.205 0.685 -0.131667 -0.775833 0.185
-0.63 0.205 0.67 -0.1275 -0.775 0.155
-0.635 0.25 0.67 -0.144167 -0.793333 0.236667
-0.63 0.21 0.7 -0.131667 -0.78 0.220833
-0.625 0.22 0.67 -0.1375 -0.764167 0.205833
-0.635 0.22 0.69 -0.14 -0.804167 0.211667
-0.635 0.2 0.71 -0.134167 -0.7925 0.1825
-0.635 0.215 0.695 -0.1375 -0.788333 0.201667
-0.635 0.225 0.705 -0.138333 -0.78 0.2325
-0.635 0.2 0.69 -0.129167 -0.789167 0.175
-0.64 0.22 0.665 -0.126667 -0.785 0.210833
-0.635 0.195 0.675 -0.126667 -0.791667 0.170833
-0.63 0.245 0.67 -0.140833 -0.783333 0.2475
-0.635 0.235 0.665 -0.136667 -0.7825 0.225
-0.635 0.22 0.7 -0.135 -0.793333 0.2025
-0.635 0.19 0.67 -0.120833 -0.78 0.155833
-0.665 0.225 0.64 -0.13 -0.728333 0.199167
-0.685 0.17 0.655 -0.110833 -0.740833 0.166667
-0.685 0.19 0.64 -0.124167 -0.749167 0.185
-0.67 0.23 0.65 -0.136667 -0.723333 0.205
-0.665 0.185 0.645 -0.121667 -0.748333 0.155
-0.67 0.26 0.65 -0.1475 -0.750833 0.24
-0.67 0.225 0.64 -0.1325 -0.746667 0.19
-0.67 0.235 0.645 -0.13 -0.740833 0.199167
-0.67 0.22 0.62 -0.125833 -0.739167 0.1825
-0.67 0.225 0.63 -0.126667 -0.75 0.174167
-0.67 0.23 0.6 -0.136667 -0.726667 0.1875
-0.67 0.195 0.62 -0.121667 -0.730833 0.136667
-0.67 0.225 0.635 -0.131667 -0.740833 0.179167
-0.715 0.06 0.59 -0.0641667 -0.781667 0.0808333
-0.71 0.07 0.58 -0.0725 -0.771667 0.0883333
-0.71 0.05 0.62 -0.06 -0.788333 0.0508333
-0.715 0.07 0.6 -0.0675 -0.776667 0.105833
-0.71 0.045 0.61 -0.0591667 -0.784167 0.0475
-0.71 0.05 0.595 -0.0608333 -0.7725 0.0525
-0.71 0.06 0.625 -0.0666667 -0.7975 0.0658333
-0.705 0.05 0.615 -0.06 -0.783333 0.0708333
-0.715 0.06 0.61 -0.0675 -0.7925 0.0733333
-0.705 0.04 0.6 -0.0566667 -0.788333 0.0291667
-0.715 0.06 0.615 -0.0608333 -0.7925 0.07
-0.71 0.045 0.565 -0.0575 -0.760833 0.03
-0.72 0.065 0.615 -0.0616667 -0.806667 0.0725
-0.715 0.045 0.64 -0.0625 -0.825 0.0441667
-0.71 0.055 0.605 -0.0633333 -0.784167 0.0466667
-0.72 0.03 0.61 -0.0525 -0.805833 0.00416667
-0.715 0.06 0.615 -0.0608333 -0.7975 0.0591667
-0.715 0.065 0.61 -0.065 -0.800833 0.0725
-0.72 0.055 0.62 -0.0633333 -0.7875 0.0558333
-0.735 0.06 0.56 -0.0508333 -0.780833 0.04
-0.75 0.075 0.55 -0.0641667 -0.738333 0.0666667
-0.775 0.09 0.535 -0.0708333 -0.74 0.065
-0.775 0.1 0.475 -0.0708333 -0.704167 0.0875
-0.765 0.185 0.52 -0.108333 -0.691667 0.141667
-0.77 0.195 0.49 -0.111667 -0.67 0.155
-0.77 0.19 0.48 -0.1125 -0.684167 0.148333
-0.775 0.195 0.48 -0.115 -0.679167 0.153333
-0.78 0.2 0.475 -0.121667 -0.6725 0.156667
-0.79 0.2 0.42 -0.129167 -0.651667 0.185
-0.805 0.215 0.405 -0.119167 -0.639167 0.161667
-0.805 0.215 0.42 -0.116667 -0.623333 0.170833
-0.8 0.22 0.395 -0.123333 -0.609167 0.175833
-0.81 0.225 0.375 -0.121667 -0.601667 0.175833
-0.82 0.22 0.355 -0.116667 -0.598333 0.159167
-0.82 0.24 0.295 -0.129167 -0.529167 0.191667
-0.835 0.245 0.31 -0.131667 -0.541667 0.193333
-0.835 0.24 0.3 -0.124167 -0.538333 0.175
-0.775 0.34 0.355 -0.16 -0.528333 0.243333
-0.77 0.35 0.4 -0.171667 -0.571667 0.266667
-0.765 0.345 0.405 -0.171667 -0.568333 0.2675
-0.76 0.345 0.445 -0.17 -0.605 0.265
-0.745 0.335 0.475 -0.166667 -0.635 0.263333
-0.735 0.335 0.51 -0.17 -0.650833 0.268333
-0.715 0.325 0.545 -0.163333 -0.675 0.254167
-0.7 0.315 0.56 -0.159167 -0.6975 0.236667
-0.68 0.31 0.585 -0.159167 -0.715833 0.245
-0.67 0.32 0.635 -0.1675 -0.729167 0.255833
-0.655 0.305 0.615 -0.151667 -0.73 0.2325
-0.635 0.3 0.66 -0.153333 -0.765 0.239167
-0.605 0.28 0.685 -0.145833 -0.775833 0.2175
-0.595 0.28 0.705 -0.145 -0.784167 0.216667
-0.45 0.4 0.785 -0.184167 -0.740833 0.284167
-0.425 0.39 0.79 -0.175833 -0.7475 0.295833
-0.405 0.37 0.8 -0.165833 -0.755833 0.256667
-0.4 0.365 0.83 -0.1675 -0.79 0.260833
-0.385 0.36 0.84 -0.164167 -0.7475 0.260833
-0.365 0.335 0.85 -0.155833 -0.769167 0.23
-0.345 0.345 0.77 -0.160833 -0.6475 0.2075
-0.33 0.34 0.855 -0.155 -0.763333 0.2575
-0.305 0.365 0.885 -0.166667 -0.781667 0.316667
-0.26 0.295 0.9 -0.135833 -0.773333 0.224167
-0.245 0.275 0.915 -0.13 -0.804167 0.208333
-0.215 0.285 0.91 -0.134167 -0.7925 0.260833
-0.185 0.245 0.91 -0.113333 -0.715 0.169167
-0.175 0.24 0.93 -0.113333 -0.759167 0.180833
-0.165 0.215 0.92 -0.0916667 -0.773333 0.138333
-0.125 0.22 0.925 -0.100833 -0.7325 0.1925
-0.085 0.175 0.825 -0.095 -0.6125 0.130833
-0.085 0.17 0.935 -0.0808333 -0.74 0.111667
-0.08 0.245 0.99 -0.121667 -0.783333 0.280833
-0.07 0.23 0.98 -0.1175 -0.795833 0.245833
-0.025 0.255 0.93 -0.115 -0.699167 0.199167
-0.05 0.305 0.965 -0.138333 -0.73 0.279167
-0.055 0.31 0.92 -0.145833 -0.71 0.289167
-0.075 0.295 0.93 -0.1375 -0.711667 0.238333
-0.09 0.325 0.91 -0.145833 -0.701667 0.289167
-0.115 0.32 0.9 -0.139167 -0.704167 0.261667
-0.155 0.35 0.92 -0.143333 -0.75 0.28
-0.18 0.335 0.89 -0.139167 -0.6925 0.23
-0.205 0.365 0.875 -0.153333 -0.714167 0.275833
-0.23 0.375 0.81 -0.161667 -0.6775 0.288333
-0.24 0.42 0.865 -0.185833 -0.7325 0.354167
-0.25 0.38 0.865 -0.160833 -0.716667 0.2825
-0.265 0.48 0.805 -0.2175 -0.65 0.468333
-0.285 0.425 0.835 -0.186667 -0.685 0.336667
-0.315 0.445 0.805 -0.19 -0.721667 0.350833
-0.35 0.43 0.815 -0.186667 -0.695 0.309167
-0.355 0.5 0.78 -0.221667 -0.690833 0.451667
-0.395 0.455 0.69 -0.198333 -0.620833 0.37
-0.4 0.475 0.72 -0.21 -0.661667 0.368333
-0.415 0.485 0.72 -0.213333 -0.673333 0.371667
-0.415 0.495 0.635 -0.221667 -0.556667 0.366667
-0.46 0.53 0.71 -0.2425 -0.646667 0.44
-0.45 0.515 0.645 -0.235 -0.61 0.4175
-0.475 0.54 0.655 -0.245833 -0.613333 0.451667
-0.42 0.52 0.685 -0.22 -0.595833 0.405833
-0.435 0.525 0.655 -0.223333 -0.595 0.41
-0.465 0.55 0.64 -0.2375 -0.5925 0.448333
-0.48 0.56 0.625 -0.245833 -0.585833 0.46
-0.5 0.55 0.59 -0.246667 -0.565833 0.420833
-0.52 0.61 0.55 -0.275 -0.540833 0.566667
-0.52 0.565 0.56 -0.25 -0.550833 0.449167
-0.545 0.525 0.595 -0.221667 -0.6225 0.3775
-0.445 0.645 0.54 -0.29 -0.605833 0.4725
-0.435 0.63 0.565 -0.290833 -0.625833 0.465
-0.435 0.635 0.56 -0.285833 -0.621667 0.4775
-0.42 0.605 0.58 -0.2775 -0.64 0.4475
-0.415 0.585 0.61 -0.2625 -0.673333 0.423333
-0.405 0.57 0.625 -0.255833 -0.6925 0.415833
-0.395 0.56 0.65 -0.254167 -0.698333 0.411667
-0.38 0.525 0.69 -0.2325 -0.73 0.373333
-0.375 0.51 0.69 -0.2275 -0.7375 0.359167
-0.36 0.49 0.74 -0.225 -0.755 0.356667
-0.345 0.46 0.745 -0.22 -0.7475 0.329167
-0.33 0.46 0.765 -0.21 -0.769167 0.331667
-0.295 0.375 0.835 -0.188333 -0.795833 0.271667
-0.26 0.325 0.905 -0.149167 -0.871667 0.213333
-0.245 0.275 0.86 -0.128333 -0.840833 0.163333
-0.21 0.24 0.89 -0.115833 -0.8425 0.145833
-0.195 0.2 0.88 -0.0958333 -0.780833 0.14
-0.18 0.19 0.915 -0.0916667 -0.826667 0.13
-0.175 0.175 0.915 -0.0858333 -0.831667 0.119167
-0.14 0.14 0.88 -0.0725 -0.768333 0.126667
-0.135 0.12 0.96 -0.0658333 -0.850833 0.0725
-0.105 0.105 0.965 -0.0566667 -0.834167 0.0941667
-0.095 0.06 0.95 -0.0425 -0.844167 0.0316667
-0.08 0.045 0.915 -0.0383333 -0.783333 0.03
-0.075 0.02 0.955 -0.0241667 -0.8475 0.00416667
-0.05 -0.005 0.955 -0.0116667 -0.826667 -0.0241667
-0.05 -0.05 0.96 0.00583333 -0.841667 -0.0583333
-0.02 -0.075 0.98 0.0141667 -0.864167 -0.075
-0.03 -0.1 1.025 0.01 -0.896667 -0.103333
0 -0.145 0.975 0.03 -0.824167 -0.143333
0.08 -0.205 0.88 0.06 -0.755 -0.163333
0.085 -0.205 0.89 0.0616667 -0.7575 -0.165
0.065 -0.205 0.925 0.05 -0.78 -0.1925
0.045 -0.16 0.93 0.0525 -0.794167 -0.145
0.04 -0.135 0.925 0.0316667 -0.7625 -0.12
0 -0.075 0.895 0.01 -0.751667 -0.0833333
0.015 -0.105 0.91 0.0175 -0.770833 -0.0933333
0.03 -0.135 0.91 0.0283333 -0.763333 -0.118333
0.045 -0.145 0.905 0.0391667 -0.7675 -0.118333
0.165 0.08 0.89 -0.0558333 -0.695 0.0241667
0.16 0.1 0.86 -0.06 -0.663333 0.00583333
0.14 0.135 0.885 -0.0783333 -0.704167 0.06
0.12 0.165 0.88 -0.0883333 -0.704167 0.0966667
0.115 0.175 0.885 -0.0991667 -0.7025 0.1075
0.055 0.25 0.91 -0.126667 -0.716667 0.206667
0.065 0.255 0.97 -0.13 -0.784167 0.126667
0.055 0.245 0.865 -0.119167 -0.673333 0.140833
0.05 0.265 0.885 -0.124167 -0.706667 0.1625
0.01 0.335 0.885 -0.16 -0.676667 0.233333
-0.05 0.405 0.82 -0.183333 -0.7075 0.300833
-0.055 0.41 0.815 -0.184167 -0.679167 0.278333
-0.1 0.425 0.835 -0.1925 -0.683333 0.2975
-0.095 0.47 0.77 -0.215 -0.6625 0.3225
-0.13 0.56 0.775 -0.259167 -0.659167 0.436667
-0.17 0.565 0.765 -0.26 -0.66 0.385
-0.22 0.65 0.8 -0.295833 -0.7125 0.526667
-0.205 0.59 0.68 -0.2675 -0.645 0.409167
-0.22 0.61 0.71 -0.2825 -0.6325 0.4275
-0.225 0.635 0.655 -0.295 -0.618333 0.45
-0.255 0.665 0.61 -0.295833 -0.608333 0.475
-0.275 0.685 0.585 -0.309167 -0.593333 0.491667
-0.295 0.715 0.6 -0.320833 -0.585833 0.529167
-0.3 0.735 0.565 -0.339167 -0.548333 0.5725
-0.315 0.74 0.505 -0.33 -0.515 0.601667
-0.33 0.735 0.49 -0.339167 -0.500833 0.561667
-0.365 0.76 0.415 -0.343333 -0.47 0.566667
-0.375 0.78 0.37 -0.3575 -0.43 0.584167
-0.5 0.77 0.23 -0.361667 -0.45 0.565
-0.495 0.8 0.315 -0.389167 -0.490833 0.638333
-0.48 0.75 0.3 -0.356667 -0.498333 0.558333
-0.485 0.76 0.345 -0.366667 -0.523333 0.583333
-0.475 0.745 0.335 -0.3475 -0.533333 0.548333
-0.46 0.76 0.385 -0.368333 -0.549167 0.595833
-0.465 0.72 0.4 -0.344167 -0.5625 0.53
-0.455 0.715 0.42 -0.34 -0.5775 0.5225
-0.44 0.705 0.445 -0.33 -0.600833 0.519167
-0.435 0.685 0.465 -0.326667 -0.6225 0.495833
-0.425 0.67 0.515 -0.32 -0.65 0.484167
-0.395 0.625 0.59 -0.290833 -0.64 0.469167
-0.37 0.6 0.62 -0.265 -0.639167 0.4825
-0.355 0.595 0.66 -0.2725 -0.65 0.483333
-0.355 0.575 0.645 -0.2525 -0.679167 0.450833
-0.33 0.535 0.635 -0.2375 -0.639167 0.410833
-0.3 0.505 0.57 -0.2225 -0.59 0.384167
-0.3 0.585 0.68 -0.265833 -0.675833 0.503333
-0.29 0.555 0.71 -0.253333 -0.691667 0.436667
-0.27 0.55 0.7 -0.240833 -0.6725 0.434167
-0.26 0.52 0.7 -0.228333 -0.703333 0.389167
-0.245 0.53 0.725 -0.2375 -0.688333 0.4
-0.225 0.5 0.695 -0.218333 -0.6625 0.373333
-0.245 0.505 0.76 -0.228333 -0.725 0.381667
-0.23 0.48 0.825 -0.219167 -0.790833 0.3925
-0.195 0.46 0.775 -0.2125 -0.719167 0.355833
-0.18 0.445 0.77 -0.2025 -0.738333 0.349167
-0.16 0.415 0.82 -0.195833 -0.75 0.315833
-0.12 0.41 0.815 -0.195 -0.720833 0.350833
-0.135 0.39 0.82 -0.183333 -0.745 0.298333
-0.135 0.415 0.88 -0.19 -0.785833 0.329167
-0.105 0.38 0.87 -0.180833 -0.744167 0.290833
-0.1 0.335 0.965 -0.163333 -0.894167 0.236667
-0.055 0.285 0.895 -0.135 -0.808333 0.225833
-0.05 0.28 0.905 -0.14 -0.789167 0.178333
-0.085 0.305 0.94 -0.151667 -0.848333 0.2325
-0.01 0.2 0.845 -0.0983333 -0.735 0.191667
0 0.185 0.91 -0.1025 -0.79 0.128333
0.02 0.18 0.885 -0.0983333 -0.755 0.1275
0.025 0.155 0.875 -0.0908333 -0.755833 0.103333
0.005 0.18 0.875 -0.114167 -0.815 0.0925
-0.01 0.225 0.865 -0.135833 -0.810833 0.1425
-0.02 0.22 0.87 -0.125 -0.828333 0.125
-0.06 0.28 0.845 -0.174167 -0.873333 0.1475
-0.145 0.39 0.77 -0.225 -0.8725 0.228333
-0.145 0.4 0.775 -0.235 -0.870833 0.251667
-0.175 0.43 0.76 -0.239167 -0.885 0.258333
-0.205 0.475 0.745 -0.27 -0.895 0.3125
-0.21 0.47 0.78 -0.264167 -0.901667 0.2975
-0.24 0.515 0.765 -0.285833 -0.933333 0.339167
-0.265 0.545 0.705 -0.308333 -0.931667 0.361667
-0.375 0.695 0.645 -0.370833 -0.920833 0.501667
-0.35 0.64 0.545 -0.333333 -0.818333 0.4375
-0.36 0.67 0.525 -0.356667 -0.838333 0.475833
-0.4 0.685 0.47 -0.363333 -0.823333 0.49
-0.4 0.695 0.45 -0.3725 -0.815 0.499167
-0.37 0.7 0.465 -0.361667 -0.684167 0.531667
-0.43 0.785 0.52 -0.395 -0.783333 0.604167
-0.38 0.715 0.445 -0.355833 -0.630833 0.555
-0.395 0.735 0.39 -0.355 -0.611667 0.5625
-0.41 0.725 0.415 -0.355 -0.62 0.56
-0.39 0.725 0.385 -0.365 -0.568333 0.579167
-0.42 0.73 0.38 -0.373333 -0.618333 0.579167
-0.435 0.725 0.315 -0.370833 -0.576667 0.559167
-0.44 0.735 0.315 -0.381667 -0.539167 0.574167
-0.455 0.75 0.31 -0.386667 -0.583333 0.621667
-0.435 0.75 0.3 -0.3825 -0.565833 0.5925
-0.485 0.72 0.305 -0.368333 -0.573333 0.601667
-0.515 0.685 0.315 -0.351667 -0.581667 0.568333
-0.515 0.69 0.305 -0.349167 -0.559167 0.588333
-0.535 0.68 0.25 -0.353333 -0.564167 0.5725
-0.535 0.675 0.23 -0.346667 -0.535833 0.544167
-0.55 0.655 0.195 -0.35 -0.495 0.563333
-0.51 0.73 0.205 -0.379167 -0.47 0.6225
-0.56 0.685 0.195 -0.359167 -0.495833 0.58
-0.58 0.7 0.175 -0.3725 -0.4925 0.6225
-0.57 0.69 0.19 -0.360833 -0.511667 0.583333
-0.575 0.695 0.2 -0.3525 -0.475 0.6075
-0.525 0.72 0.18 -0.369167 -0.458333 0.604167
-0.56 0.69 0.175 -0.356667 -0.465833 0.586667
-0.58 0.69 0.195 -0.358333 -0.481667 0.621667
-0.62 0.64 0.18 -0.348333 -0.555833 0.551667
-0.635 0.64 0.13 -0.3525 -0.554167 0.56
-0.665 0.675 0.13 -0.364167 -0.535833 0.589167
-0.645 0.63 0.095 -0.348333 -0.505 0.545
-0.635 0.67 0.06 -0.3625 -0.465 0.626667
-0.675 0.59 0.08 -0.3325 -0.505833 0.514167
-0.68 0.605 0.075 -0.335833 -0.49 0.549167
-0.685 0.59 0.025 -0.335833 -0.553333 0.5025
-0.7 0.59 0.02 -0.338333 -0.5575 0.518333
-0.675 0.565 -0.025 -0.316667 -0.514167 0.454167
-0.7 0.58 -0.085 -0.3325 -0.455833 0.508333
-0.69 0.58 -0.09 -0.333333 -0.453333 0.509167
-0.76 0.49 -0.07 -0.295833 -0.4775 0.468333
-0.76 0.5 -0.115 -0.2975 -0.551667 0.45
-0.755 0.49 -0.13 -0.301667 -0.530833 0.445
-0.765 0.48 -0.135 -0.2925 -0.540833 0.435
-0.75 0.485 -0.225 -0.295833 -0.435 0.4325
-0.755 0.49 -0.18 -0.301667 -0.460833 0.44
-0.745 0.48 -0.22 -0.295 -0.404167 0.43
-0.74 0.475 -0.315 -0.288333 -0.3575 0.425833
-0.745 0.485 -0.23 -0.28 -0.343333 0.440833
-0.735 0.465 -0.335 -0.298333 -0.365 0.419167
-0.71 0.445 -0.44 -0.289167 -0.301667 0.413333
-0.72 0.435 -0.42 -0.276667 -0.225 0.414167
-0.705 0.45 -0.4 -0.274167 -0.2225 0.4025
-0.73 0.42 -0.43 -0.275 -0.255833 0.4175
-0.75 0.395 -0.365 -0.259167 -0.2875 0.376667
-0.81 0.41 -0.245 -0.2725 -0.433333 0.395
-0.765 0.39 -0.295 -0.2625 -0.361667 0.3875
-0.75 0.425 -0.325 -0.27 -0.329167 0.395
-0.75 0.43 -0.325 -0.28 -0.3175 0.4175
-0.78 0.41 -0.175 -0.268333 -0.480833 0.453333
-0.805 0.425 -0.1 -0.275833 -0.539167 0.438333
-0.83 0.295 -0.125 -0.224167 -0.559167 0.3575
-0.835 0.295 -0.11 -0.223333 -0.5925 0.3475
-0.845 0.23 -0.105 -0.203333 -0.6125 0.314167
-0.84 0.24 -0.125 -0.1975 -0.644167 0.295833
-0.84 0.24 0.015 -0.163333 -0.500833 0.241667
-0.86 0.08 -0.03 -0.12 -0.566667 0.165833
-0.87 0.08 -0.035 -0.100833 -0.594167 0.134167
-0.87 0.075 0.075 -0.0991667 -0.585833 0.1325
-0.855 0.11 -0.025 -0.115833 -0.4925 0.208333
-0.86 0.06 -0.05 -0.0841667 -0.508333 0.1125
-0.875 0.08 -0.04 -0.105 -0.5325 0.1375
-0.87 0.075 -0.025 -0.1125 -0.5175 0.135833
-0.87 0.09 -0.03 -0.105 -0.521667 0.154167
-0.875 0.08 -0.035 -0.104167 -0.531667 0.138333
-0.875 0.08 -0.05 -0.101667 -0.5325 0.1375
-0.87 0.075 -0.06 -0.104167 -0.526667 0.118333
-0.87 0.105 -0.06 -0.1125 -0.506667 0.18
-0.97 0.09 -0.04 -0.12 -0.5625 0.163333
-0.865 0.055 -0.02 -0.0925 -0.56 0.0841667
-0.885 0.075 0.06 -0.0916667 -0.574167 0.125833
-0.88 0.075 0.105 -0.085 -0.594167 0.12
-0.845 0.065 0.195 -0.0841667 -0.595 0.119167
-0.845 0.05 0.31 -0.0708333 -0.683333 0.0875
-0.825 0.055 0.335 -0.0625 -0.675 0.0966667
-0.815 0.065 0.35 -0.0875 -0.685833 0.120833
-0.82 -0.025 0.31 -0.0433333 -0.694167 0.0416667
-0.81 -0.07 0.3 -0.0366667 -0.710833 0.03
-0.805 -0.14 0.305 -0.01 -0.725833 -0.0383333
-0.795 -0.175 0.305 -0.00833333 -0.735 -0.0175
-0.78 -0.235 0.3 0.0108333 -0.7425 -0.0641667
-0.765 -0.285 0.295 0.0258333 -0.7625 -0.0875
-0.685 -0.32 0.44 0.0575 -0.74 -0.201667
-0.69 -0.325 0.41 0.06 -0.751667 -0.218333
-0.68 -0.35 0.425 0.0716667 -0.789167 -0.208333
-0.665 -0.4 0.41 0.0825 -0.818333 -0.209167
-0.66 -0.39 0.4 0.0858333 -0.751667 -0.268333
-0.715 0.28 0.54 -0.169167 -0.730833 0.259167
-0.695 0.315 0.535 -0.185833 -0.721667 0.274167
-0.66 0.385 0.545 -0.2175 -0.7125 0.325833
-0.63 0.425 0.545 -0.228333 -0.705 0.325833
-0.605 0.485 0.52 -0.245833 -0.694167 0.384167
-0.57 0.525 0.545 -0.260833 -0.693333 0.399167
-0.525 0.575 0.52 -0.2875 -0.685833 0.4325
-0.5 0.59 0.54 -0.296667 -0.685 0.433333
-0.475 0.615 0.545 -0.3025 -0.674167 0.451667
-0.45 0.635 0.535 -0.3075 -0.6675 0.446667
-0.42 0.67 0.52 -0.324167 -0.673333 0.471667
-0.365 0.72 0.52 -0.350833 -0.664167 0.5
-0.31 0.625 0.665 -0.283333 -0.660833 0.461667
-0.31 0.625 0.64 -0.29 -0.659167 0.46
-0.335 0.605 0.655 -0.281667 -0.659167 0.458333
-0.37 0.585 0.66 -0.271667 -0.6625 0.460833
-0.48 0.485 0.68 -0.245833 -0.699167 0.4175
-0.52 0.445 0.675 -0.229167 -0.708333 0.395
-0.55 0.395 0.68 -0.210833 -0.728333 0.363333
-0.585 0.34 0.68 -0.196667 -0.7425 0.325833
-0.635 0.235 0.665 -0.154167 -0.774167 0.249167
-0.665 0.085 0.675 -0.11 -0.806667 0.1475
-0.675 0.01 0.68 -0.0866667 -0.823333 0.0975
-0.675 -0.095 0.66 -0.0433333 -0.840833 0.0275
-0.66 -0.2 0.67 -0.0075 -0.8575 -0.0291667
-0.63 -0.305 0.65 0.0283333 -0.87 -0.0825
-0.59 -0.4 0.64 0.0641667 -0.885833 -0.1325
-0.525 -0.335 0.745 0.0283333 -0.863333 -0.1275
-0.515 -0.33 0.73 0.0333333 -0.868333 -0.120833
-0.56 -0.23 0.75 0.00666667 -0.841667 -0.101667
-0.59 -0.11 0.77 -0.0283333 -0.818333 -0.04
-0.59 0.01 0.77 -0.0716667 -0.808333 0.0508333
-0.58 0.105 0.77 -0.0975 -0.794167 0.1175
-0.555 0.205 0.77 -0.135 -0.774167 0.193333
-0.51 0.31 0.75 -0.168333 -0.76 0.2725
-0.51 0.305 0.73 -0.170833 -0.763333 0.2775
-0.485 0.345 0.745 -0.181667 -0.751667 0.29
-0.46 0.395 0.76 -0.198333 -0.739167 0.349167
-0.43 0.41 0.75 -0.205 -0.724167 0.330833
-0.405 0.435 0.725 -0.210833 -0.721667 0.3375
-0.385 0.455 0.75 -0.225 -0.720833 0.358333
-0.325 0.505 0.73 -0.248333 -0.701667 0.38
-0.295 0.535 0.73 -0.260833 -0.705 0.394167
-0.26 0.55 0.72 -0.255 -0.696667 0.368333
-0.225 0.585 0.745 -0.283333 -0.695 0.415833
-0.145 0.49 0.815 -0.220833 -0.66 0.384167
-0.105 0.515 0.795 -0.230833 -0.6825 0.360833
-0.17 0.465 0.795 -0.208333 -0.668333 0.3675
-0.2 0.46 0.825 -0.214167 -0.668333 0.4
-0.29 0.405 0.8 -0.188333 -0.705 0.375833
-0.345 0.355 0.83 -0.179167 -0.729167 0.343333
-0.395 0.31 0.83 -0.1725 -0.754167 0.3225
-0.375 0.37 0.825 -0.191667 -0.731667 0.364167
-0.425 0.3 0.805 -0.169167 -0.774167 0.31
-0.465 0.255 0.805 -0.161667 -0.790833 0.301667
-0.485 0.21 0.8 -0.1475 -0.809167 0.269167
-0.5 0.175 0.8 -0.139167 -0.825833 0.253333
-0.535 0.005 0.785 -0.0841667 -0.875 0.163333
-0.535 -0.03 0.78 -0.0708333 -0.88 0.115833
-0.53 -0.07 0.8 -0.0633333 -0.899167 0.109167
-0.505 -0.2 0.765 -0.01 -0.928333 0.055
-0.49 -0.19 0.78 -0.00833333 -0.8725 -0.0641667
-0.485 -0.06 0.825 -0.065 -0.855 0.0341667
-0.485 -0.115 0.815 -0.0483333 -0.893333 0.0633333
-0.475 -0.17 0.82 -0.0333333 -0.9125 0.0625
-0.47 -0.19 0.81 -0.0141667 -0.89 -0.00916667
-0.48 -0.105 0.825 -0.0483333 -0.864167 0.00416667
-0.485 0.005 0.845 -0.0783333 -0.831667 0.04
-0.475 0.09 0.86 -0.111667 -0.813333 0.116667
-0.45 0.17 0.85 -0.134167 -0.7825 0.160833
-0.425 0.22 0.825 -0.139167 -0.755833 0.165833
-0.35 0.32 0.825 -0.164167 -0.715833 0.235833
-0.31 0.355 0.82 -0.179167 -0.695833 0.27
-0.24 0.42 0.815 -0.2025 -0.668333 0.334167
-0.2 0.43 0.85 -0.2 -0.66 0.331667
-0.155 0.455 0.825 -0.200833 -0.640833 0.34
-0.1 0.475 0.825 -0.209167 -0.623333 0.353333
-0.065 0.485 0.795 -0.208333 -0.6175 0.355
-0.035 0.495 0.825 -0.210833 -0.610833 0.353333
0.04 0.5 0.79 -0.226667 -0.585833 0.373333
0.095 0.495 0.77 -0.225 -0.5775 0.343333
0.145 0.49 0.76 -0.2275 -0.57 0.301667
0.33 0.405 0.775 -0.173333 -0.42 0.316667
0.295 0.41 0.755 -0.158333 -0.4225 0.325
0.245 0.445 0.77 -0.180833 -0.44 0.396667
0.17 0.47 0.79 -0.195833 -0.465 0.4075
0.105 0.49 0.785 -0.218333 -0.485833 0.459167
0.02 0.505 0.785 -0.225833 -0.521667 0.461667
-0.05 0.495 0.8 -0.229167 -0.5575 0.44
-0.09 0.495 0.815 -0.24 -0.59 0.459167
-0.24 0.455 0.795 -0.24 -0.664167 0.46
-0.22 0.525 0.755 -0.2725 -0.598333 0.461667
-0.255 0.52 0.76 -0.266667 -0.62 0.483333
-0.31 0.48 0.79 -0.266667 -0.66 0.465833
-0.385 0.425 0.765 -0.245 -0.7025 0.4475
-0.45 0.36 0.77 -0.226667 -0.750833 0.43
-0.475 0.315 0.755 -0.219167 -0.7725 0.408333
-0.535 0.205 0.76 -0.173333 -0.815 0.334167
-0.555 0.13 0.76 -0.1525 -0.84 0.304167
-0.57 0.045 0.745 -0.115833 -0.863333 0.270833
-0.57 -0.015 0.74 -0.0941667 -0.8725 0.210833
-0.055 -0.225 0.92 0.00166667 -0.791667 -0.075
-0.07 -0.215 0.935 -0.0108333 -0.775 -0.0991667
-0.085 -0.19 0.935 -0.0125 -0.764167 -0.126667
-0.1 -0.17 0.94 -0.0141667 -0.7575 -0.1225
-0.12 -0.145 0.935 -0.0141667 -0.749167 -0.1
-0.12 -0.15 0.935 -0.0166667 -0.745 -0.136667
-0.135 -0.125 0.945 -0.0116667 -0.7425 -0.1225
-0.14 -0.11 0.965 -0.0141667 -0.740833 -0.115833
-0.15 -0.165 0.945 0.0166667 -0.7625 -0.1175
-0.15 -0.155 0.94 0.00916667 -0.748333 -0.125
-0.15 -0.14 0.955 0.00583333 -0.740833 -0.125833
-0.175 -0.105 0.94 0.005 -0.75 -0.0941667
-0.18 -0.09 0.945 0.00666667 -0.750833 -0.0933333
-0.19 -0.055 0.935 0.00833333 -0.766667 -0.065
-0.145 -0.085 0.95 0.015 -0.726667 -0.0508333
-0.155 -0.065 0.93 0.0191667 -0.7525 -0.0716667
-0.15 -0.055 0.95 0.00916667 -0.758333 -0.055
-0.16 -0.03 0.945 0.005 -0.776667 -0.0333333
-0.165 0 0.94 -0.00666667 -0.7825 0.0075
-0.165 0.03 0.955 -0.0275 -0.803333 0.0183333
-0.165 0.055 0.93 -0.0391667 -0.814167 0.0116667
-0.165 0.065 0.92 -0.04 -0.819167 0.00583333
-0.185 -0.075 0.93 0.03 -0.808333 -0.0375
-0.195 -0.055 0.935 0.0141667 -0.820833 -0.0541667
-0.19 -0.07 0.935 0.0291667 -0.801667 -0.0216667
-0.165 -0.125 0.96 0.0516667 -0.766667 -0.0366667
-0.155 -0.14 0.94 0.0608333 -0.751667 -0.0225
-0.11 -0.19 0.94 0.0625 -0.7225 -0.065
-0.085 -0.22 0.935 0.0658333 -0.6975 -0.0925
-0.06 -0.23 0.94 0.0608333 -0.689167 -0.0941667
-0.05 -0.235 0.93 0.0641667 -0.694167 -0.12
-0.03 -0.26 0.955 0.0641667 -0.688333 -0.1575
-0.015 -0.25 0.93 0.0533333 -0.6825 -0.135833
0 -0.255 0.925 0.0466667 -0.681667 -0.115833
0.02 -0.245 0.895 0.0408333 -0.688333 -0.100833
0.035 -0.25 0.91 0.0425 -0.6925 -0.095
0.055 -0.255 0.89 0.0391667 -0.690833 -0.0983333
0.1 -0.245 0.885 0.0341667 -0.666667 -0.111667
0.115 -0.245 0.89 0.0258333 -0.669167 -0.0908333
0.125 -0.245 0.9 0.0275 -0.678333 -0.0683333
0.15 -0.24 0.91 0.0175 -0.685833 -0.0441667
0.18 -0.28 0.865 0.0358333 -0.665 -0.0933333
0.2 -0.285 0.865 0.04 -0.669167 -0.0883333
0.23 -0.24 0.875 0.00833333 -0.638333 -0.0775
0.295 -0.165 0.88 -0.03 -0.579167 -0.0475
0.36 -0.24 0.82 0.005 -0.535833 -0.0583333
0.345 -0.215 0.825 -0.015 -0.524167 -0.0941667
0.31 -0.295 0.82 0.025 -0.505833 -0.2475
0.255 -0.34 0.82 0.0575 -0.521667 -0.318333
0.225 -0.34 0.815 0.0641667 -0.5175 -0.2925
0.18 -0.365 0.815 0.085 -0.520833 -0.311667
0.165 -0.38 0.815 0.0916667 -0.5275 -0.343333
0.11 -0.39 0.805 0.109167 -0.563333 -0.340833
0.08 -0.39 0.82 0.12 -0.581667 -0.350833
0.025 -0.4 0.825 0.133333 -0.626667 -0.349167
-0.005 -0.395 0.85 0.126667 -0.639167 -0.330833
-0.065 -0.385 0.835 0.1275 -0.6825 -0.3275
-0.085 -0.375 0.84 0.125833 -0.694167 -0.313333
-0.15 -0.335 0.85 0.12 -0.744167 -0.293333
-0.195 -0.29 0.825 0.108333 -0.790833 -0.259167
-0.225 -0.265 0.835 0.0925 -0.814167 -0.2675
-0.26 -0.2 0.87 0.05 -0.845 -0.2225
-0.28 -0.17 0.865 0.0441667 -0.858333 -0.218333
-0.31 -0.085 0.865 0 -0.885833 -0.170833
-0.3 -0.12 0.87 0.0116667 -0.886667 -0.184167
-0.3 -0.165 0.86 0.0466667 -0.833333 -0.118333
-0.285 -0.195 0.875 0.0591667 -0.825 -0.119167
-0.245 -0.275 0.855 0.105 -0.780833 -0.153333
-0.185 -0.33 0.885 0.1225 -0.741667 -0.171667
-0.24 -0.365 0.815 0.135 -0.77 -0.2275
-0.065 -0.5 0.805 0.155833 -0.6275 -0.299167
-0.025 -0.515 0.79 0.161667 -0.615833 -0.321667
0.04 -0.525 0.765 0.1475 -0.581667 -0.316667
0.145 -0.515 0.765 0.1325 -0.546667 -0.309167
0.07 -0.515 0.79 0.1375 -0.614167 -0.3225
0.115 -0.515 0.79 0.129167 -0.594167 -0.299167
0.125 -0.475 0.775 0.115833 -0.588333 -0.295
0.145 -0.47 0.795 0.11 -0.593333 -0.241667
0.165 -0.475 0.785 0.1075 -0.583333 -0.2575
0.085 -0.485 0.77 0.124167 -0.6525 -0.286667
0.085 -0.485 0.76 0.116667 -0.635 -0.275833
0.2 -0.46 0.76 0.106667 -0.595833 -0.255
0.215 -0.46 0.775 0.1 -0.601667 -0.234167
0.305 -0.385 0.78 0.0616667 -0.5425 -0.2225
0.185 -0.395 0.795 0.0741667 -0.670833 -0.206667
0.165 -0.39 0.785 0.0783333 -0.6525 -0.243333
0.14 -0.39 0.8 0.0758333 -0.651667 -0.260833
0.16 -0.39 0.785 0.0758333 -0.645833 -0.248333
0.16 -0.385 0.785 0.0733333 -0.633333 -0.254167
0.14 -0.395 0.78 0.0758333 -0.635833 -0.2775
0.115 -0.4 0.81 0.085 -0.645 -0.300833
0.085 -0.4 0.805 0.0891667 -0.646667 -0.295833
0.025 -0.405 0.805 0.0983333 -0.679167 -0.295833
0.05 -0.415 0.795 0.0891667 -0.680833 -0.27
0.025 -0.42 0.82 0.105 -0.679167 -0.325
-0.005 -0.395 0.805 0.0916667 -0.685833 -0.288333
-0.025 -0.395 0.805 0.101667 -0.695833 -0.306667
-0.075 -0.38 0.785 0.0983333 -0.726667 -0.300833
-0.09 -0.39 0.805 0.1 -0.733333 -0.3
-0.145 -0.355 0.81 0.0991667 -0.7675 -0.28
-0.165 -0.33 0.81 0.0958333 -0.7875 -0.283333
-0.205 -0.315 0.815 0.0791667 -0.8125 -0.285833
-0.225 -0.275 0.815 0.0683333 -0.835833 -0.259167
-0.29 -0.215 0.79 0.0375 -0.8625 -0.196667
-0.31 -0.17 0.82 0.0316667 -0.8875 -0.149167
-0.32 -0.16 0.815 0.02 -0.8975 -0.180833
-0.34 -0.095 0.8 0.00416667 -0.910833 -0.133333
-0.345 -0.08 0.81 -0.005 -0.925833 -0.1625
-0.345 -0.015 0.815 -0.0433333 -0.938333 -0.1225
-0.35 -0.025 0.815 -0.03 -0.913333 -0.104167
-0.35 0.055 0.775 -0.0766667 -0.940833 -0.0816667
-0.345 -0.03 0.825 -0.0191667 -0.8775 -0.045
-0.34 -0.06 0.835 -0.0141667 -0.8625 -0.0225
-0.34 -0.1 0.815 0.01 -0.851667 -0.0491667
-0.33 -0.135 0.83 0.0191667 -0.8475 -0.0833333
-0.635 0.575 0.095 -0.334167 -0.5975 0.4825
-0.315 -0.16 0.9 0.0416667 -0.830833 -0.1025
-0.295 -0.195 0.895 0.055 -0.826667 -0.125833
-0.29 -0.2 0.895 0.0558333 -0.813333 -0.1125
-0.315 -0.19 0.885 0.045 -0.820833 -0.111667
-0.3 -0.24 0.885 0.06 -0.810833 -0.174167
-0.285 -0.255 0.895 0.0683333 -0.8025 -0.153333
-0.225 -0.325 0.87 0.0766667 -0.7875 -0.201667
-0.13 -0.35 0.885 0.0783333 -0.7475 -0.23
-0.125 -0.355 0.885 0.0791667 -0.748333 -0.2325
-0.08 -0.38 0.885 0.0825 -0.745833 -0.235
-0.05 -0.41 0.88 0.085 -0.754167 -0.269167
-0.025 -0.4 0.9 0.0866667 -0.749167 -0.2425
-0.015 -0.395 0.875 0.0791667 -0.749167 -0.205
0.01 -0.4 0.88 0.075 -0.746667 -0.193333
0.03 -0.405 0.87 0.0775 -0.741667 -0.191667
0.06 -0.42 0.86 0.0941667 -0.751667 -0.2125
0.105 -0.42 0.85 0.085 -0.746667 -0.194167
0.11 -0.385 0.85 0.0675 -0.703333 -0.228333
0.09 -0.38 0.895 0.0725 -0.780833 -0.178333
0.115 -0.32 0.895 0.0366667 -0.7225 -0.151667
0.11 -0.33 0.88 0.0416667 -0.716667 -0.2075
0.09 -0.325 0.89 0.0383333 -0.708333 -0.221667
0.07 -0.32 0.885 0.0433333 -0.710833 -0.239167
0.05 -0.315 0.9 0.04 -0.71 -0.251667
0.03 -0.325 0.9 0.0475 -0.706667 -0.276667
-0.005 -0.315 0.905 0.0475 -0.711667 -0.2575
-0.03 -0.31 0.92 0.0575 -0.72 -0.256667
-0.045 -0.3 0.91 0.0566667 -0.724167 -0.2625
-0.07 -0.29 0.92 0.0566667 -0.729167 -0.246667
-0.095 -0.28 0.91 0.0625 -0.738333 -0.244167
-0.11 -0.27 0.9 0.0575 -0.750833 -0.249167
-0.135 -0.25 0.91 0.0625 -0.765833 -0.235
-0.175 -0.23 0.9 0.0633333 -0.789167 -0.218333
-0.265 -0.185 0.885 0.0366667 -0.858333 -0.168333
-0.255 -0.195 0.905 0.0441667 -0.848333 -0.168333
-0.275 -0.155 0.91 0.0241667 -0.86 -0.134167
-0.275 -0.15 0.89 0.0275 -0.869167 -0.171667
-0.3 -0.09 0.89 0.0125 -0.884167 -0.118333
-0.305 -0.07 0.895 0.00666667 -0.8925 -0.1275
-0.31 -0.02 0.9 -0.02 -0.899167 -0.0983333
-0.315 0.005 0.9 -0.0375 -0.9125 -0.0966667
-0.31 0.05 0.9 -0.0525 -0.924167 -0.0766667
-0.305 0.095 0.88 -0.0683333 -0.941667 -0.0741667
-0.28 0.105 0.89 -0.0666667 -0.905 -0.0275
-0.285 0.1 0.88 -0.055 -0.88 0.00416667
-0.29 0.065 0.91 -0.04 -0.87 0.02
-0.29 0.03 0.905 -0.0283333 -0.854167 0.0266667
-0.29 -0.04 0.915 -0.00333333 -0.838333 -0.0133333
-0.28 -0.07 0.925 0.00666667 -0.830833 -0.0233333
-0.21 -0.145 0.925 0.0241667 -0.835 -0.0991667
-0.21 -0.15 0.905 0.0316667 -0.8275 -0.101667
-0.195 -0.165 0.97 0.0275 -0.820833 -0.0883333
-0.19 -0.185 0.925 0.04 -0.806667 -0.109167
-0.175 -0.205 0.925 0.0483333 -0.800833 -0.125
-0.155 -0.225 0.925 0.0466667 -0.796667 -0.134167
-0.13 -0.235 0.91 0.0483333 -0.795 -0.130833
-0.185 -0.245 0.91 0.0416667 -0.8525 -0.156667
-0.17 -0.26 0.91 0.0466667 -0.8425 -0.159167
-0.16 -0.285 0.895 0.0591667 -0.84 -0.19
-0.155 -0.265 0.89 0.04 -0.8325 -0.131667
-0.13 -0.295 0.91 0.05 -0.833333 -0.176667
-0.11 -0.3 0.91 0.0475 -0.835 -0.151667
-0.085 -0.325 0.89 0.0583333 -0.8325 -0.173333
-0.08 -0.295 0.895 0.0475 -0.8225 -0.1625
-0.075 -0.305 0.915 0.0375 -0.838333 -0.144167
-0.06 -0.31 0.915 0.0458333 -0.84 -0.1225
-0.035 -0.32 0.91 0.0508333 -0.845833 -0.120833
-0.03 -0.325 0.905 0.0483333 -0.836667 -0.1325
-0.02 -0.325 0.89 0.0508333 -0.835833 -0.121667
-0.005 -0.33 0.905 0.0541667 -0.836667 -0.126667
-0.04 -0.365 0.885 0.0691667 -0.841667 -0.16
-0.05 -0.345 0.895 0.0558333 -0.805833 -0.196667
-0.065 -0.34 0.885 0.055 -0.795 -0.235833
-0.08 -0.32 0.89 0.0466667 -0.794167 -0.211667
-0.11 -0.315 0.9 0.0508333 -0.798333 -0.241667
-0.11 -0.315 0.91 0.0491667 -0.795 -0.244167
-0.195 -0.315 0.86 0.0625 -0.88 -0.214167
-0.185 -0.32 0.89 0.0608333 -0.845 -0.229167
-0.215 -0.285 0.865 0.0533333 -0.829167 -0.2125
-0.215 -0.29 0.86 0.0558333 -0.838333 -0.24
-0.24 -0.255 0.87 0.0541667 -0.835 -0.214167
-0.265 -0.225 0.87 0.0433333 -0.840833 -0.195833
-0.285 -0.195 0.865 0.0341667 -0.845833 -0.175833
-0.285 -0.195 0.875 0.0333333 -0.851667 -0.190833
-0.3 -0.17 0.875 0.0225 -0.851667 -0.169167
-0.31 -0.12 0.895 0.00916667 -0.865833 -0.114167
-0.325 -0.095 0.87 0.00916667 -0.876667 -0.121667
-0.335 -0.05 0.885 -0.0125 -0.879167 -0.0733333
-0.345 -0.005 0.9 -0.025 -0.8875 -0.045
-0.335 0.025 0.895 -0.0425 -0.9025 -0.0241667
-0.335 0.095 0.88 -0.0691667 -0.913333 -0.00166667
-0.325 0.125 0.88 -0.0841667 -0.923333 0.00916667
-0.29 0.145 0.9 -0.0791667 -0.886667 0.0391667
-0.295 0.135 0.9 -0.0791667 -0.898333 0.0375
-0.285 0.175 0.885 -0.101667 -0.915833 0.03
-0.275 0.205 0.89 -0.1225 -0.920833 0.0325
-0.25 0.225 0.88 -0.113333 -0.8725 0.0966667
-0.255 0.215 0.875 -0.109167 -0.891667 0.0841667
-0.275 0.255 0.875 -0.130833 -0.875 0.114167
-0.275 0.255 0.86 -0.125833 -0.8675 0.125
-0.28 0.24 0.85 -0.1175 -0.868333 0.124167
-0.3 0.195 0.855 -0.101667 -0.8475 0.136667
-0.335 0.25 0.815 -0.1225 -0.814167 0.174167
-0.34 0.26 0.82 -0.13 -0.841667 0.183333
-0.355 0.215 0.845 -0.115 -0.83 0.175833
-0.38 0.17 0.855 -0.0941667 -0.831667 0.148333
-0.395 0.125 0.855 -0.0808333 -0.833333 0.1325
-0.405 0.09 0.87 -0.0666667 -0.8375 0.0908333
-0.405 0.07 0.84 -0.06 -0.835 0.0983333
-0.41 0.02 0.845 -0.045 -0.840833 0.0533333
-0.415 -0.02 0.83 -0.0291667 -0.843333 0.02
-0.41 -0.08 0.84 -0.00916667 -0.846667 -0.0475
-0.415 -0.07 0.845 -0.0141667 -0.85 -0.0183333
-0.41 -0.08 0.845 -0.0166667 -0.849167 -0.0158333
-0.405 -0.1 0.84 -0.00833333 -0.851667 -0.0233333
-0.395 -0.07 0.855 -0.0233333 -0.845833 -0.0258333
-0.395 -0.095 0.85 -0.0175 -0.86 -0.0383333
-0.395 -0.115 0.835 -0.00666667 -0.866667 -0.0391667
-0.38 -0.17 0.85 0.01 -0.875833 -0.1
-0.375 -0.195 0.84 0.0158333 -0.8775 -0.09
-0.355 -0.22 0.86 0.0116667 -0.881667 -0.0775
-0.335 -0.28 0.84 0.04 -0.889167 -0.140833
-0.315 -0.305 0.825 0.0491667 -0.895833 -0.14
-0.315 -0.295 0.835 0.0366667 -0.888333 -0.100833
-0.285 -0.34 0.82 0.055 -0.903333 -0.126667
-0.26 -0.385 0.82 0.075 -0.910833 -0.1575
-0.24 -0.4 0.82 0.0808333 -0.924167 -0.144167
-0.27 -0.435 0.79 0.0916667 -0.89 -0.191667
-0.28 -0.415 0.805 0.075 -0.8725 -0.190833
-0.32 -0.37 0.795 0.0675 -0.833333 -0.235833
-0.34 -0.355 0.78 0.065 -0.8325 -0.255833
-0.405 -0.35 0.76 0.0725 -0.901667 -0.214167
-0.39 -0.38 0.755 0.0758333 -0.879167 -0.239167
-0.425 -0.315 0.735 0.0625 -0.850833 -0.210833
-0.445 -0.265 0.755 0.0483333 -0.84 -0.196667
-0.465 -0.215 0.76 0.0258333 -0.838333 -0.148333
-0.47 -0.22 0.78 0.0358333 -0.844167 -0.198333
-0.485 -0.165 0.78 0.0133333 -0.841667 -0.144167
-0.495 -0.12 0.78 -0.00166667 -0.84 -0.113333
-0.505 -0.05 0.77 -0.0141667 -0.835833 -0.0566667
-0.51 0.005 0.78 -0.04 -0.838333 -0.01
-0.505 0.055 0.775 -0.0525 -0.839167 0.0416667
-0.505 0.04 0.785 -0.0466667 -0.845 -0.015
-0.48 0.16 0.79 -0.1025 -0.816667 0.114167
-0.49 0.13 0.795 -0.095 -0.825833 0.106667
-0.485 0.14 0.775 -0.0925 -0.824167 0.0966667
-0.475 0.18 0.78 -0.1075 -0.818333 0.13
-0.455 0.23 0.79 -0.120833 -0.821667 0.16
-0.435 0.28 0.78 -0.143333 -0.816667 0.21
-0.435 0.265 0.77 -0.134167 -0.808333 0.148333
-0.41 0.32 0.77 -0.15 -0.810833 0.1975
-0.375 0.355 0.76 -0.175833 -0.803333 0.216667
-0.355 0.39 0.765 -0.191667 -0.806667 0.2575
-0.43 0.45 0.67 -0.213333 -0.75 0.33
-0.42 0.45 0.71 -0.213333 -0.756667 0.284167
-0.38 0.5 0.665 -0.235 -0.751667 0.299167
-0.365 0.56 0.63 -0.264167 -0.700833 0.399167
-0.41 0.525 0.62 -0.238333 -0.7025 0.388333
-0.45 0.485 0.65 -0.225833 -0.705833 0.376667
-0.53 0.445 0.59 -0.228333 -0.743333 0.343333
-0.565 0.4 0.62 -0.2075 -0.730833 0.325833
-0.585 0.365 0.65 -0.195833 -0.740833 0.299167
-0.58 0.37 0.63 -0.193333 -0.718333 0.309167
-0.675 0.11 0.605 -0.108333 -0.793333 0.138333
-0.68 0.08 0.6 -0.0983333 -0.806667 0.123333
-0.685 0.05 0.6 -0.0841667 -0.809167 0.108333
-0.725 0.025 0.565 -0.0691667 -0.7825 0.0741667
-0.72 0.04 0.57 -0.07 -0.783333 0.0733333
-0.725 -0.075 0.55 -0.0383333 -0.799167 0.01
-0.715 -0.125 0.55 -0.0266667 -0.809167 -0.025
-0.71 -0.1 0.545 -0.0366667 -0.793333 -0.0183333
-0.715 -0.14 0.55 -0.0183333 -0.813333 -0.025
-0.715 -0.175 0.54 -0.00583333 -0.824167 -0.0391667
-0.705 -0.205 0.545 0.00666667 -0.829167 -0.0391667
-0.69 -0.25 0.525 0.0225 -0.835833 -0.0675
-0.67 -0.315 0.54 0.0458333 -0.851667 -0.0916667
-0.63 -0.41 0.52 0.0766667 -0.841667 -0.171667
-0.54 -0.535 0.51 0.125833 -0.8375 -0.251667
-0.54 -0.535 0.51 0.125833 -0.8375 -0.251667
-0.56 -0.57 0.46 0.139167 -0.81 -0.2825
-0.6 -0.485 0.45 0.115 -0.749167 -0.314167
-0.64 -0.535 0.365 0.141667 -0.793333 -0.259167
-0.69 -0.41 0.375 0.0941667 -0.720833 -0.2675
-0.71 -0.37 0.395 0.0833333 -0.7125 -0.25
-0.735 -0.31 0.4 0.0583333 -0.715 -0.216667
-0.77 -0.185 0.4 0.0166667 -0.694167 -0.119167
-0.77 -0.12 0.395 -0.0125 -0.69 -0.0708333
-0.79 -0.11 0.41 -0.0191667 -0.693333 -0.0625
-0.785 -0.06 0.41 -0.035 -0.688333 -0.0375
-0.795 -0.01 0.43 -0.0466667 -0.689167 0.005
-0.785 0.01 0.415 -0.0516667 -0.6725 0.00333333
-0.79 0.02 0.42 -0.0533333 -0.676667 -0.0075
-0.825 0.065 0.315 -0.0733333 -0.639167 0.0633333
-0.825 0.02 0.33 -0.0633333 -0.618333 0.0258333
-0.81 0.115 0.345 -0.0958333 -0.604167 0.0716667
-0.79 0.21 0.315 -0.128333 -0.606667 0.149167
-0.77 0.295 0.32 -0.161667 -0.580833 0.221667
-0.745 0.38 0.295 -0.1925 -0.5675 0.294167
-0.745 0.365 0.295 -0.180833 -0.57 0.253333
-0.695 0.445 0.305 -0.218333 -0.545 0.3275
-0.66 0.505 0.29 -0.2475 -0.511667 0.385
-0.735 0.385 0.325 -0.210833 -0.545 0.301667
-0.71 0.45 0.32 -0.234167 -0.538333 0.3775
-0.7 0.44 0.3 -0.224167 -0.536667 0.329167
-0.67 0.48 0.325 -0.241667 -0.521667 0.34
-0.62 0.56 0.31 -0.261667 -0.5 0.405
-0.56 0.615 0.29 -0.2875 -0.476667 0.445
-0.535 0.635 0.3 -0.301667 -0.470833 0.453333
-0.53 0.675 0.205 -0.321667 -0.406667 0.4975
-0.53 0.675 0.22 -0.326667 -0.4075 0.485
-0.46 0.73 0.225 -0.355 -0.4 0.550833
-0.7175 0.465 0.34 -0.235833 -0.529167 0.365
-0.6425 0.57 0.33 -0.271667 -0.5125 0.43
-0.6075 0.61 0.34 -0.288333 -0.501667 0.448333
-0.5525 0.67 0.335 -0.306667 -0.481667 0.475
-0.4575 0.76 0.285 -0.3525 -0.429167 0.5225
-0.5225 0.71 0.295 -0.329167 -0.425833 0.525833
-0.5575 0.67 0.29 -0.31 -0.4075 0.518333
-0.6075 0.625 0.28 -0.294167 -0.430833 0.494167
-0.6375 0.59 0.27 -0.285833 -0.441667 0.473333
-0.6325 0.585 0.275 -0.29 -0.440833 0.474167
-0.6525 0.56 0.28 -0.279167 -0.451667 0.458333
-0.7125 0.495 0.29 -0.2475 -0.478333 0.410833
-0.7425 0.435 0.28 -0.2325 -0.493333 0.373333
-0.7775 0.38 0.29 -0.206667 -0.511667 0.333333
-0.7925 0.34 0.285 -0.190833 -0.5225 0.308333
-0.8125 0.28 0.285 -0.1725 -0.529167 0.2625
-0.8475 0.24 0.22 -0.1625 -0.530833 0.2325
-0.8625 0.185 0.18 -0.131667 -0.53 0.215
-0.8725 0.11 0.175 -0.11 -0.535 0.144167
-0.8725 0.045 0.19 -0.09 -0.540833 0.1025
-0.8725 -0.015 0.175 -0.065 -0.550833 0.06
-0.8775 -0.015 0.15 -0.0516667 -0.531667 0.0408333
-0.8775 -0.04 0.16 -0.0508333 -0.536667 0.0458333
-0.8775 -0.04 0.16 -0.0458333 -0.535833 0.0375
-0.8775 -0.07 0.15 -0.0483333 -0.545 0.0233333
-0.7925 -0.41 0.115 0.08 -0.593333 -0.1625
-0.7575 -0.49 0.12 0.105 -0.604167 -0.204167
-0.7425 -0.51 -0.045 0.1175 -0.553333 -0.213333
-0.7425 -0.515 -0.05 0.121667 -0.554167 -0.213333
-0.6825 -0.585 -0.085 0.166667 -0.473333 -0.324167
-0.6875 -0.585 -0.025 0.156667 -0.515833 -0.304167
-0.7125 -0.545 -0.025 0.145833 -0.475 -0.3275
-0.7525 -0.465 -0.01 0.126667 -0.454167 -0.286667
-0.7725 -0.4 0.01 0.0975 -0.445833 -0.255
-0.8075 -0.335 0.005 0.0766667 -0.435833 -0.220833
-0.8275 -0.265 -0.005 0.0583333 -0.423333 -0.1725
-0.8475 -0.2 0.005 0.0325 -0.424167 -0.144167
-0.8475 -0.2 0.005 0.0308333 -0.4425 -0.131667
-0.8525 -0.16 0.03 0.0166667 -0.425 -0.104167
-0.8525 -0.155 -0.015 0.0233333 -0.429167 -0.131667
-0.8675 -0.09 0.025 -0.0116667 -0.435833 -0.0433333
-0.8725 -0.045 0.045 -0.025 -0.4325 -0.0166667
-0.8675 0.025 0.04 -0.0525 -0.4175 0.0425
-0.8725 0.025 0.035 -0.055 -0.426667 0.0325
-0.8675 0.065 0.045 -0.0716667 -0.410833 0.0691667
-0.8525 0.06 0.01 -0.0691667 -0.394167 0.0416667
-0.8675 0.075 0.02 -0.0625 -0.418333 0.0475
-0.8675 0.115 0.04 -0.0866667 -0.4075 0.0775
-0.8625 0.16 -0.005 -0.106667 -0.410833 0.1375
-0.8325 0.255 0.025 -0.1475 -0.368333 0.205
-0.8275 0.3 0.005 -0.1575 -0.359167 0.234167
-0.8175 0.31 0 -0.170833 -0.363333 0.244167
-0.8125 0.32 0.03 -0.170833 -0.405 0.273333
-0.7975 0.365 0.025 -0.184167 -0.373333 0.265
-0.7925 0.365 0.045 -0.186667 -0.374167 0.251667
-0.7725 0.42 0.04 -0.2025 -0.3575 0.295
-0.7325 0.485 0.03 -0.2325 -0.35 0.351667
-0.6975 0.54 0.035 -0.2575 -0.3425 0.391667
-0.6725 0.575 0.06 -0.2725 -0.348333 0.430833
-0.6575 0.595 0.07 -0.281667 -0.3525 0.438333
-0.6225 0.645 0.05 -0.295 -0.345833 0.465
-0.5625 0.71 0.04 -0.328333 -0.3325 0.518333
-0.5325 0.715 0.065 -0.331667 -0.3025 0.531667
-0.5825 0.67 0.055 -0.3175 -0.315833 0.511667
-0.6325 0.63 0.05 -0.3 -0.326667 0.494167
-0.6325 0.63 0.05 -0.3075 -0.329167 0.515
-0.6675 0.575 0.07 -0.285833 -0.345 0.455
-0.6875 0.55 0.07 -0.2825 -0.3525 0.453333
-0.7175 0.515 0.065 -0.266667 -0.361667 0.42
-0.7475 0.47 0.065 -0.245833 -0.38 0.391667
-0.8375 0.285 0.05 -0.180833 -0.428333 0.281667
-0.8475 0.24 0.035 -0.158333 -0.444167 0.238333
-0.8525 0.205 0.09 -0.14 -0.4875 0.200833
-0.8625 0.175 0.09 -0.126667 -0.504167 0.190833
-0.8725 0.125 0.095 -0.110833 -0.51 0.168333
-0.8775 0.06 0.09 -0.0933333 -0.53 0.138333
-0.8775 -0.035 0.08 -0.0541667 -0.556667 0.0533333
-0.8675 -0.11 0.06 -0.0308333 -0.570833 0.0191667
-0.8575 -0.2 0.055 0.000833333 -0.590833 -0.035
-0.8325 -0.28 0.07 0.03 -0.6025 -0.0766667
-0.8125 -0.345 0.11 0.06 -0.635833 -0.15
-0.8175 -0.29 0.125 0.0391667 -0.620833 -0.108333
-0.7975 -0.38 0.09 0.0725 -0.6625 -0.153333
-0.7625 -0.47 0.085 0.0983333 -0.68 -0.179167
-0.7375 -0.5 0.085 0.118333 -0.603333 -0.2925
-0.7725 -0.425 0.115 0.100833 -0.581667 -0.274167
-0.7925 -0.365 0.125 0.0825 -0.570833 -0.2425
-0.8075 -0.31 0.13 0.0633333 -0.558333 -0.224167
-0.8325 -0.22 0.16 0.0325 -0.559167 -0.1225
-0.8475 -0.175 0.14 0.0191667 -0.550833 -0.0983333
-0.8575 -0.11 0.15 -0.00583333 -0.54 -0.0508333
-0.8575 -0.115 0.145 0.000833333 -0.539167 -0.0658333
-0.8675 -0.09 0.1 -0.0133333 -0.576667 -0.02
-0.8725 -0.035 0.11 -0.0291667 -0.536667 0.0183333
-0.8675 -0.02 0.125 -0.0358333 -0.528333 0.00333333
-0.8675 -0.01 0.105 -0.0408333 -0.523333 0.00583333
-0.8625 0.06 0.115 -0.065 -0.5025 0.0491667
-0.8525 0.14 0.11 -0.0933333 -0.49 0.1125
-0.8425 0.215 0.135 -0.124167 -0.485833 0.184167
-0.8375 0.235 0.145 -0.1375 -0.510833 0.199167
-0.8225 0.275 0.155 -0.151667 -0.495 0.223333
-0.8075 0.33 0.135 -0.171667 -0.476667 0.276667
-0.8025 0.34 0.14 -0.183333 -0.46 0.279167
-0.8025 0.34 0.165 -0.184167 -0.460833 0.280833
-0.7825 0.365 0.15 -0.190833 -0.453333 0.2775
-0.7575 0.44 0.175 -0.2175 -0.44 0.355
-0.7525 0.445 0.15 -0.2275 -0.435 0.3625
-0.7125 0.535 0.09 -0.2675 -0.326667 0.451667
-0.7625 0.44 0.055 -0.229167 -0.400833 0.363333
-0.7575 0.445 0.06 -0.228333 -0.405 0.349167
-0.7225 0.505 0.045 -0.250833 -0.375 0.3975
-0.6675 0.58 0.065 -0.280833 -0.355 0.455
-0.6625 0.58 0.075 -0.279167 -0.354167 0.44
-0.6225 0.63 0.015 -0.298333 -0.32 0.483333
-0.6675 0.585 0.025 -0.284167 -0.333333 0.463333
-0.6025 0.66 0.035 -0.314167 -0.305833 0.515
-0.5225 0.72 0.005 -0.326667 -0.280833 0.514167
-0.4225 0.79 0 -0.366667 -0.219167 0.611667
-0.4175 0.805 0.08 -0.380833 -0.276667 0.619167
-0.4375 0.775 0.03 -0.365833 -0.2575 0.616667
-0.5375 0.715 0.04 -0.353333 -0.285833 0.609167
-0.5475 0.695 0.045 -0.339167 -0.298333 0.57
-0.5825 0.665 0.03 -0.328333 -0.311667 0.5525
-0.6325 0.625 0.08 -0.3075 -0.351667 0.528333
-0.6225 0.63 0.045 -0.3075 -0.338333 0.529167
-0.6325 0.645 0.095 -0.316667 -0.385833 0.5475
-0.6225 0.635 0.055 -0.310833 -0.356667 0.5375
-0.6375 0.625 0.02 -0.315 -0.35 0.528333
-0.7325 0.49 0.025 -0.269167 -0.386667 0.453333
-0.6925 0.535 0.03 -0.278333 -0.359167 0.466667
-0.7075 0.53 0.03 -0.276667 -0.3725 0.460833
-0.8075 0.345 0 -0.210833 -0.434167 0.35
-0.8125 0.345 0.025 -0.209167 -0.438333 0.349167
-0.8025 0.345 0.035 -0.205833 -0.404167 0.3375
-0.8425 0.23 0.02 -0.168333 -0.446667 0.27
-0.8525 0.17 0.045 -0.1475 -0.4675 0.236667
-0.8675 0.08 -0.015 -0.105 -0.495 0.175
-0.8675 0.045 -0.055 -0.0991667 -0.4725 0.1575
-0.8625 0.04 -0.06 -0.095 -0.4225 0.138333
-0.8675 0.05 -0.05 -0.0983333 -0.424167 0.146667
-0.8625 0.055 -0.06 -0.11 -0.395833 0.135833
-0.8675 0.035 -0.05 -0.0925 -0.389167 0.1175
-0.8675 0.045 -0.045 -0.0958333 -0.385833 0.128333
-0.8625 0.045 -0.005 -0.0958333 -0.371667 0.109167
-0.8575 0.03 -0.035 -0.0883333 -0.353333 0.0841667
-0.8725 0.065 -0.035 -0.104167 -0.3625 0.1175
-0.8625 0.05 -0.02 -0.0925 -0.345 0.0983333
-0.8675 0.03 0 -0.0875 -0.379167 0.0991667
-0.835 -0.34 -0.08 0.06 -0.526667 -0.103333
-0.825 -0.34 -0.09 0.0533333 -0.506667 -0.104167
-0.83 -0.34 -0.08 0.055 -0.488333 -0.12
-0.83 -0.325 -0.065 0.0366667 -0.490833 -0.113333
-0.825 -0.365 -0.05 0.0616667 -0.446667 -0.175833
-0.83 -0.345 -0.045 0.0616667 -0.466667 -0.128333
-0.825 -0.335 -0.06 0.0491667 -0.4325 -0.139167
-0.83 -0.34 -0.04 0.045 -0.421667 -0.148333
-0.885 0.155 0.01 -0.111667 -0.328333 0.1425
-0.89 0.17 0 -0.119167 -0.345 0.179167
-0.89 0.145 -0.035 -0.104167 -0.3775 0.161667
-0.89 0.15 -0.035 -0.114167 -0.378333 0.191667
-0.895 0.15 -0.025 -0.119167 -0.406667 0.201667
-0.88 0.17 0.02 -0.154167 -0.4175 0.231667
-0.89 0.15 -0.045 -0.1075 -0.439167 0.195833
-0.89 0.16 -0.065 -0.123333 -0.456667 0.196667
-0.895 0.175 -0.025 -0.1275 -0.481667 0.213333
-0.89 0.16 -0.055 -0.124167 -0.478333 0.2
-0.885 0.175 -0.045 -0.1275 -0.516667 0.214167
-0.885 0.165 -0.035 -0.121667 -0.504167 0.2025
-0.885 0.18 -0.08 -0.129167 -0.533333 0.211667
-0.88 0.21 -0.06 -0.1325 -0.550833 0.204167
-0.89 0.18 0.04 -0.111667 -0.555 0.175
-0.88 0.205 0.01 -0.123333 -0.579167 0.18
-0.89 0.18 0.035 -0.101667 -0.600833 0.15
-0.89 0.195 0.015 -0.105833 -0.605 0.1575
-0.88 0.22 0.02 -0.119167 -0.599167 0.161667
-0.89 0.185 0.03 -0.0958333 -0.625 0.128333
-0.89 0.2 0.025 -0.0975 -0.601667 0.120833
-0.88 0.22 0.005 -0.100833 -0.559167 0.134167
-0.88 0.195 0.025 -0.0783333 -0.573333 0.1025
-0.88 0.195 0.025 -0.0766667 -0.528333 0.1125
-0.88 0.205 0.03 -0.0841667 -0.485833 0.119167
-0.875 0.175 0.03 -0.0733333 -0.485 0.105
-0.875 0.18 0.01 -0.0683333 -0.4525 0.114167
-0.875 0.185 0.055 -0.0691667 -0.420833 0.145
-0.875 0.18 0.055 -0.0633333 -0.43 0.145
-0.88 0.16 0.045 -0.05 -0.3975 0.144167
-0.875 0.175 0.035 -0.055 -0.366667 0.186667
-0.875 0.18 0.025 -0.0616667 -0.360833 0.180833
-0.885 0.115 0.03 -0.0491667 -0.399167 0.1075
-0.88 0.095 0.045 -0.0358333 -0.4275 0.0666667
-0.88 0.115 0.03 -0.05 -0.4275 0.0708333
-0.885 0.105 0.035 -0.045 -0.446667 0.0566667
-0.885 0.105 0.05 -0.045 -0.446667 0.0608333
-0.89 0.09 0.035 -0.0433333 -0.504167 0.0125
-0.88 0.135 0.02 -0.0725 -0.4875 0.055
-0.885 0.125 0.055 -0.0783333 -0.548333 0.0133333
-0.885 0.14 0.07 -0.0883333 -0.581667 0.0333333
-0.89 0.145 0.06 -0.101667 -0.623333 0.0366667
-0.885 0.155 0.035 -0.109167 -0.65 0.0641667
-0.89 0.155 0.07 -0.115 -0.6725 0.07
-0.875 0.22 0.13 -0.143333 -0.689167 0.124167
-0.865 0.235 0.09 -0.154167 -0.67 0.143333
-0.87 0.245 0.09 -0.161667 -0.660833 0.189167
-0.87 0.245 0.12 -0.165 -0.623333 0.205833
-0.865 0.255 0.04 -0.178333 -0.611667 0.220833
-0.87 0.245 0.155 -0.145833 -0.606667 0.209167
-0.855 0.225 0.25 -0.15 -0.621667 0.205
-0.83 0.215 0.245 -0.134167 -0.595 0.193333
-0.83 0.19 0.355 -0.1175 -0.6575 0.17
-0.74 0.12 0.545 -0.0741667 -0.725 0.120833
-0.72 0.105 0.575 -0.0758333 -0.733333 0.110833
-0.67 0.08 0.625 -0.0566667 -0.7475 0.0975
-0.54 0.01 0.755 -0.0183333 -0.743333 0.04
-0.405 -0.05 0.845 0.025 -0.74 -0.01
-0.2 -0.13 0.895 0.0633333 -0.678333 -0.0766667
-0.15 -0.15 0.93 0.0741667 -0.67 -0.085
-0.055 -0.185 0.9 0.0883333 -0.5975 -0.12
-0.04 -0.195 0.95 0.0866667 -0.605833 -0.128333
-0.095 -0.19 0.905 0.100833 -0.701667 -0.118333
-0.14 -0.145 0.91 0.0733333 -0.7475 -0.1025
-0.145 -0.135 0.91 0.0725 -0.765833 -0.100833
-0.125 -0.045 0.89 0.035 -0.753333 -0.0483333
-0.155 -0.015 0.92 0.0158333 -0.786667 -0.02
-0.19 0.02 0.86 -0.0241667 -0.7725 0.00583333
-0.24 0.06 0.92 -0.0358333 -0.854167 0.0308333
-0.275 0.105 0.845 -0.0641667 -0.809167 0.0683333
-0.305 0.135 0.835 -0.0741667 -0.8375 0.075
-0.33 0.16 0.85 -0.0833333 -0.8575 0.105833
-0.39 0.225 0.81 -0.119167 -0.8675 0.1425
-0.435 0.275 0.785 -0.151667 -0.854167 0.1875
-0.46 0.3 0.755 -0.16 -0.868333 0.2
-0.495 0.35 0.68 -0.188333 -0.834167 0.24
-0.515 0.37 0.685 -0.195833 -0.85 0.248333
-0.59 0.455 0.55 -0.238333 -0.825833 0.300833
-0.635 0.51 0.455 -0.2825 -0.796667 0.353333
-0.655 0.535 0.355 -0.291667 -0.764167 0.368333
-0.675 0.59 0.17 -0.325 -0.661667 0.429167
-0.675 0.59 0.17 -0.325 -0.661667 0.429167
-0.665 0.62 -0.07 -0.36 -0.550833 0.485833
-0.63 0.6 -0.225 -0.349167 -0.4075 0.486667
-0.64 0.62 -0.365 -0.3575 -0.29 0.5175
-0.6 0.6 -0.405 -0.338333 -0.25 0.481667
-0.495 0.52 -0.65 -0.3125 -0.00833333 0.423333
-0.495 0.52 -0.65 -0.3125 -0.00833333 0.423333
-0.49 0.51 -0.645 -0.299167 -0.00666667 0.426667
-0.48 0.53 -0.715 -0.305 0.0558333 0.435833
-0.615 0.445 -0.655 -0.27 0.115833 0.406667
-0.525 0.375 -0.67 -0.23 0.1675 0.3375
-0.6 0.435 -0.625 -0.26 0.111667 0.401667
-0.57 0.42 -0.58 -0.251667 0.075 0.3725
-0.63 0.45 -0.51 -0.256667 -0.01 0.401667
-0.66 0.525 -0.49 -0.284167 -0.0533333 0.459167
-0.62 0.615 0.245 -0.29 -0.460833 0.525
-0.62 0.615 0.25 -0.286667 -0.454167 0.504167
-0.62 0.615 0.345 -0.271667 -0.560833 0.5275
-0.585 0.59 0.275 -0.2775 -0.478333 0.490833
-0.59 0.655 0.445 -0.298333 -0.6375 0.573333
-0.575 0.61 0.495 -0.2775 -0.664167 0.45
-0.54 0.57 0.465 -0.2625 -0.611667 0.455
-0.54 0.595 0.545 -0.271667 -0.713333 0.516667
-0.48 0.565 0.48 -0.265 -0.6325 0.49
-0.435 0.54 0.525 -0.240833 -0.640833 0.475833
-0.465 0.525 0.575 -0.245833 -0.69 0.4125
-0.405 0.505 0.66 -0.239167 -0.753333 0.4275
-0.455 0.51 0.615 -0.24 -0.739167 0.35
-0.435 0.525 0.625 -0.245833 -0.726667 0.451667
-0.525 0.57 0.525 -0.26 -0.7 0.475
-0.56 0.615 0.53 -0.289167 -0.671667 0.485
-0.6 0.6 0.405 -0.279167 -0.615 0.489167
-0.62 0.675 0.44 -0.3175 -0.630833 0.5625
-0.615 0.62 0.375 -0.2925 -0.575 0.5025
-0.585 0.61 0.31 -0.289167 -0.541667 0.4925
-0.615 0.605 0.34 -0.283333 -0.548333 0.5525
-0.575 0.655 0.33 -0.304167 -0.523333 0.545
-0.605 0.605 0.335 -0.283333 -0.551667 0.484167
-0.59 0.61 0.335 -0.3 -0.534167 0.5275
-0.59 0.605 0.37 -0.285833 -0.561667 0.465833
-0.555 0.71 0.295 -0.340833 -0.465 0.659167
-0.605 0.615 0.365 -0.288333 -0.559167 0.521667
-0.625 0.62 0.245 -0.314167 -0.53 0.510833
-0.625 0.62 0.225 -0.305 -0.524167 0.511667
-0.605 0.625 0.225 -0.308333 -0.486667 0.529167
-0.6 0.66 0.2 -0.32 -0.476667 0.523333
-0.63 0.62 0.28 -0.305833 -0.555833 0.4875
-0.65 0.645 0.25 -0.315 -0.5275 0.588333
-0.64 0.62 0.28 -0.306667 -0.554167 0.485833
-0.66 0.63 0.21 -0.3 -0.549167 0.505833
-0.685 0.675 0.205 -0.331667 -0.508333 0.553333
-0.695 0.62 0.14 -0.303333 -0.4975 0.515
-0.68 0.63 0.075 -0.313333 -0.405833 0.516667
-0.68 0.605 -0.095 -0.289167 -0.270833 0.505833
-0.685 0.62 -0.065 -0.31 -0.3025 0.523333
-0.67 0.54 -0.32 -0.299167 -0.113333 0.4375
-0.695 0.585 -0.245 -0.315833 -0.204167 0.509167
-0.69 0.605 -0.2 -0.325833 -0.22 0.539167
-0.69 0.585 -0.18 -0.306667 -0.265833 0.4825
-0.655 0.59 -0.12 -0.2975 -0.294167 0.5025
-0.655 0.595 -0.05 -0.3075 -0.354167 0.509167
-0.65 0.595 -0.005 -0.306667 -0.383333 0.495833
-0.795 0.345 0.055 -0.218333 -0.461667 0.368333
-0.795 0.36 0.22 -0.2175 -0.5725 0.366667
-0.82 0.365 0.315 -0.213333 -0.7025 0.343333
-0.785 0.36 0.26 -0.211667 -0.651667 0.3575
-0.815 0.385 0.375 -0.226667 -0.761667 0.38
-0.785 0.355 0.28 -0.2125 -0.675 0.356667
-0.7075 0.285 0.525 -0.170833 -0.7375 0.253333
-0.7275 0.23 0.53 -0.153333 -0.754167 0.196667
-0.7075 0.295 0.53 -0.176667 -0.734167 0.2525
-0.6825 0.345 0.55 -0.19 -0.73 0.2725
-0.6575 0.41 0.53 -0.218333 -0.726667 0.3325
-0.6225 0.48 0.54 -0.25 -0.716667 0.395
-0.5825 0.535 0.545 -0.265 -0.713333 0.415
-0.5375 0.565 0.525 -0.278333 -0.711667 0.410833
-0.5025 0.6 0.535 -0.295 -0.698333 0.420833
-0.4775 0.63 0.505 -0.3 -0.703333 0.425
-0.3775 0.695 0.515 -0.330833 -0.63 0.5125
-0.3525 0.735 0.525 -0.350833 -0.613333 0.553333
-0.3325 0.775 0.48 -0.3625 -0.555 0.6625
-0.4075 0.685 0.575 -0.325833 -0.716667 0.494167
-0.3825 0.705 0.515 -0.3325 -0.633333 0.524167
-0.3675 0.715 0.53 -0.340833 -0.635 0.5325
-0.3625 0.715 0.53 -0.334167 -0.634167 0.5275
-0.3075 0.735 0.475 -0.349167 -0.571667 0.539167
-0.3725 0.68 0.49 -0.33 -0.620833 0.511667
-0.4125 0.67 0.545 -0.3225 -0.67 0.503333
-0.3775 0.68 0.51 -0.325833 -0.630833 0.491667
-0.4275 0.66 0.535 -0.3225 -0.684167 0.510833
-0.5725 0.52 0.525 -0.255833 -0.675 0.445
-0.5625 0.525 0.505 -0.270833 -0.665 0.464167
-0.5775 0.495 0.53 -0.254167 -0.695833 0.404167
-0.5825 0.53 0.535 -0.271667 -0.685 0.469167
-0.5725 0.525 0.495 -0.27 -0.618333 0.445
-0.5925 0.53 0.485 -0.268333 -0.630833 0.451667
-0.6125 0.545 0.55 -0.275 -0.721667 0.475
-0.5575 0.505 0.4 -0.250833 -0.553333 0.41
-0.5775 0.53 0.505 -0.264167 -0.645833 0.47
-0.6075 0.535 0.49 -0.278333 -0.6875 0.456667
-0.6025 0.525 0.44 -0.2775 -0.675833 0.438333
-0.6175 0.54 0.44 -0.276667 -0.683333 0.4475
-0.6125 0.535 0.465 -0.276667 -0.6825 0.449167
-0.6175 0.53 0.455 -0.280833 -0.695833 0.444167
-0.6325 0.52 0.45 -0.271667 -0.711667 0.421667
-0.6425 0.505 0.455 -0.258333 -0.746667 0.410833
-0.6425 0.505 0.43 -0.269167 -0.745833 0.39
-0.6425 0.5 0.425 -0.271667 -0.739167 0.396667
-0.6475 0.5 0.415 -0.27 -0.730833 0.396667
-0.6475 0.5 0.425 -0.278333 -0.746667 0.380833
-0.6575 0.495 0.415 -0.266667 -0.759167 0.370833
-0.6575 0.5 0.415 -0.274167 -0.7575 0.3775
-0.6825 0.47 0.395 -0.255833 -0.788333 0.324167
-0.6975 0.455 0.38 -0.25 -0.799167 0.296667
-0.7075 0.415 0.365 -0.2275 -0.779167 0.269167
-0.6125 0.575 0.35 -0.290833 -0.755 0.359167
-0.6225 0.605 0.375 -0.323333 -0.77 0.443333
-0.6175 0.59 0.375 -0.303333 -0.7675 0.383333
-0.5925 0.605 0.365 -0.31 -0.7475 0.386667
-0.6125 0.58 0.355 -0.293333 -0.768333 0.354167
-0.6225 0.56 0.35 -0.285833 -0.754167 0.329167
-0.6075 0.585 0.345 -0.3025 -0.7425 0.401667
-0.6275 0.565 0.35 -0.288333 -0.760833 0.335
-0.6025 0.595 0.365 -0.308333 -0.7575 0.374167
-0.5675 0.63 0.33 -0.331667 -0.729167 0.4225
-0.6325 0.575 0.34 -0.3025 -0.744167 0.418333
-0.5925 0.59 0.375 -0.3125 -0.745833 0.365
-0.6175 0.55 0.37 -0.278333 -0.770833 0.320833
-0.6025 0.57 0.44 -0.2925 -0.8125 0.418333
-0.6225 0.515 0.455 -0.261667 -0.840833 0.315833
-0.5975 0.51 0.43 -0.269167 -0.78 0.29
-0.6325 0.575 0.425 -0.295833 -0.79 0.388333
-0.6075 0.54 0.37 -0.279167 -0.7625 0.328333
-0.6125 0.535 0.4 -0.268333 -0.730833 0.350833
-0.5925 0.52 0.405 -0.2625 -0.7 0.3525
-0.6125 0.49 0.48 -0.2425 -0.731667 0.3525
-0.7125 0.3 0.53 -0.179167 -0.73 0.261667
-0.7075 0.315 0.56 -0.1875 -0.776667 0.301667
-0.6975 0.295 0.485 -0.176667 -0.725 0.243333
-0.7225 0.315 0.475 -0.188333 -0.7475 0.2875
-0.7225 0.305 0.515 -0.18 -0.740833 0.258333
-0.6725 0.28 0.55 -0.161667 -0.719167 0.235833
-0.6625 0.28 0.565 -0.149167 -0.7325 0.230833
-0.5775 0.42 0.585 -0.206667 -0.740833 0.31
-0.5225 0.525 0.595 -0.25 -0.726667 0.399167
-0.4525 0.58 0.585 -0.281667 -0.7225 0.4025
-0.3475 0.665 0.555 -0.303333 -0.711667 0.418333
-0.2575 0.715 0.53 -0.3275 -0.7075 0.404167
-0.2775 0.685 0.55 -0.306667 -0.6425 0.47
-0.2925 0.67 0.59 -0.311667 -0.658333 0.45
-0.2475 0.715 0.56 -0.3325 -0.686667 0.43
-0.2125 0.71 0.52 -0.319167 -0.619167 0.474167
-0.1975 0.75 0.535 -0.348333 -0.675833 0.4675
-0.1325 0.765 0.51 -0.350833 -0.685833 0.415
-0.1175 0.78 0.495 -0.3775 -0.698333 0.429167
-0.1775 0.73 0.555 -0.320833 -0.606667 0.504167
-0.2175 0.715 0.555 -0.315833 -0.62 0.505
-0.2975 0.665 0.535 -0.3 -0.630833 0.501667
-0.3475 0.64 0.56 -0.285833 -0.645833 0.500833
-0.4075 0.59 0.555 -0.265833 -0.655 0.448333
-0.4225 0.605 0.475 -0.285833 -0.641667 0.4625
-0.4375 0.62 0.51 -0.2875 -0.684167 0.47
-0.4525 0.635 0.46 -0.316667 -0.6725 0.4625
-0.5125 0.64 0.42 -0.321667 -0.720833 0.444167
-0.5175 0.665 0.34 -0.325833 -0.708333 0.47
-0.5125 0.615 0.49 -0.296667 -0.714167 0.4375
-0.4875 0.59 0.455 -0.268333 -0.67 0.424167
-0.4775 0.565 0.475 -0.265 -0.656667 0.42
-0.4775 0.56 0.545 -0.260833 -0.720833 0.4075
-0.4725 0.53 0.6 -0.244167 -0.743333 0.391667
-0.4625 0.525 0.575 -0.2425 -0.729167 0.391667
-0.4525 0.51 0.6 -0.235 -0.71 0.4
-0.4375 0.49 0.63 -0.216667 -0.736667 0.374167
-0.4275 0.47 0.655 -0.204167 -0.730833 0.374167
-0.4375 0.47 0.65 -0.2125 -0.758333 0.351667
-0.4475 0.5 0.625 -0.238333 -0.760833 0.363333
-0.4275 0.465 0.71 -0.190833 -0.7725 0.3625
-0.4225 0.445 0.66 -0.1875 -0.743333 0.338333
-0.3625 0.51 0.675 -0.23 -0.750833 0.365
-0.3625 0.5 0.66 -0.225833 -0.7475 0.351667
-0.4325 0.42 0.695 -0.179167 -0.745833 0.3375
-0.4975 0.325 0.665 -0.1625 -0.768333 0.29
-0.5275 0.275 0.69 -0.1425 -0.7825 0.255833
-0.5775 0.105 0.685 -0.0841667 -0.818333 0.128333
-0.5775 -0.015 0.71 -0.055 -0.848333 0.0483333
-0.5475 -0.205 0.7 0.0125 -0.880833 -0.0766667
-0.4975 -0.33 0.665 0.0483333 -0.9 -0.126667
-0.4225 -0.445 0.655 0.0925 -0.9225 -0.169167
-0.3675 -0.46 0.675 0.0983333 -0.83 -0.308333
-0.3775 -0.465 0.675 0.1025 -0.829167 -0.304167
-0.4325 -0.415 0.65 0.0833333 -0.860833 -0.248333
-0.5025 -0.335 0.675 0.0391667 -0.890833 -0.1675
-0.5225 -0.31 0.685 0.0283333 -0.885833 -0.1325
-0.5425 -0.29 0.645 0.0208333 -0.856667 -0.131667
-0.5525 -0.285 0.63 0.0241667 -0.863333 -0.131667
-0.5625 -0.305 0.6 0.0225 -0.873333 -0.103333
-0.5975 -0.355 0.575 0.0541667 -0.91 -0.111667
-0.5975 -0.35 0.595 0.05 -0.935 -0.114167
-0.6225 -0.465 0.43 0.104167 -0.8725 -0.181667
-0.6425 -0.52 0.385 0.111667 -0.849167 -0.218333
-0.6625 -0.54 0.315 0.135833 -0.795 -0.236667
-0.6375 -0.52 0.34 0.120833 -0.7975 -0.238333
-0.6425 -0.515 0.355 0.123333 -0.816667 -0.250833
-0.6275 -0.48 0.39 0.100833 -0.820833 -0.204167
-0.6325 -0.45 0.445 0.0941667 -0.8675 -0.194167
-0.6275 -0.415 0.5 0.08 -0.9025 -0.155
-0.6075 -0.39 0.515 0.0658333 -0.889167 -0.1425
-0.6125 -0.37 0.535 0.0633333 -0.905 -0.125
-0.6225 -0.4 0.5 0.0791667 -0.878333 -0.1425
-0.6275 -0.455 0.495 0.0975 -0.915 -0.235833
-0.6075 -0.47 0.4 0.105833 -0.830833 -0.2025
-0.6325 -0.505 0.375 0.113333 -0.811667 -0.235
-0.6575 -0.515 0.385 0.113333 -0.831667 -0.224167
-0.6175 -0.56 0.27 0.135 -0.753333 -0.2725
-0.6175 -0.56 0.27 0.135 -0.753333 -0.2725
-0.6275 -0.555 0.295 0.141667 -0.814167 -0.255833
-0.6425 -0.56 0.195 0.144167 -0.709167 -0.303333
-0.6575 -0.535 0.245 0.126667 -0.7125 -0.306667
-0.6575 -0.55 0.19 0.128333 -0.704167 -0.301667
-0.6575 -0.55 0.21 0.1275 -0.701667 -0.299167
-0.6525 -0.555 0.215 0.14 -0.71 -0.288333
-0.6275 -0.565 0.205 0.145 -0.723333 -0.295833
-0.6225 -0.59 0.215 0.16 -0.72 -0.310833
-0.6075 -0.6 0.19 0.166667 -0.708333 -0.3325
-0.6125 -0.6 0.215 0.168333 -0.716667 -0.339167
-0.5925 -0.615 0.185 0.184167 -0.685833 -0.365833
-0.5875 -0.61 0.2 0.175 -0.684167 -0.379167
-0.5725 -0.635 0.205 0.193333 -0.631667 -0.438333
-0.5725 -0.63 0.215 0.194167 -0.621667 -0.438333
-0.5525 -0.645 0.205 0.198333 -0.595833 -0.448333
-0.5375 -0.67 0.215 0.205833 -0.5725 -0.484167
-0.5525 -0.665 0.205 0.2075 -0.5675 -0.495833
-0.5275 -0.67 0.205 0.2025 -0.503333 -0.5025
-0.5175 -0.685 0.22 0.2125 -0.486667 -0.51
-0.5325 -0.685 0.16 0.2175 -0.495833 -0.515833
-0.5325 -0.685 0.165 0.215833 -0.495 -0.506667
-0.5575 -0.695 0.125 0.229167 -0.525833 -0.525
-0.5875 -0.62 0.065 0.196667 -0.469167 -0.434167
-0.6025 -0.65 0.035 0.215 -0.486667 -0.503333
-0.6125 -0.645 0.04 0.2125 -0.453333 -0.493333
-0.6125 -0.57 -0.005 0.190833 -0.445833 -0.473333
-0.6775 -0.61 -0.01 0.21 -0.504167 -0.475833
-0.6925 -0.665 -0.06 0.2225 -0.470833 -0.539167
-0.6275 -0.495 -0.09 0.16 -0.358333 -0.3725
-0.6425 -0.495 -0.125 0.165833 -0.351667 -0.378333
-0.6125 -0.555 -0.03 0.178333 -0.3925 -0.4425
-0.6425 -0.65 -0.005 0.225833 -0.425833 -0.553333
-0.5925 -0.62 0.05 0.200833 -0.424167 -0.454167
-0.5925 -0.665 0.065 0.2175 -0.431667 -0.523333
-0.5875 -0.69 0.11 0.228333 -0.5175 -0.535833
-0.6425 -0.63 0.15 0.201667 -0.568333 -0.469167
-0.5525 -0.695 0.095 0.225833 -0.470833 -0.53
-0.6225 -0.6 0.07 0.194167 -0.506667 -0.454167
-0.5775 -0.665 0.08 0.213333 -0.46 -0.478333
-0.5525 -0.69 0.1 0.209167 -0.465833 -0.508333
-0.6275 -0.63 0.11 0.1875 -0.5175 -0.5075
-0.5675 -0.66 0.05 0.210833 -0.4525 -0.510833
-0.5775 -0.655 0.1 0.2125 -0.491667 -0.4725
-0.6275 -0.605 0.12 0.1975 -0.534167 -0.46
-0.5825 -0.705 0.095 0.225833 -0.520833 -0.546667
-0.6275 -0.725 0.105 0.240833 -0.5025 -0.585
-0.5875 -0.645 -0.01 0.211667 -0.4025 -0.519167
-0.6075 -0.68 0.08 0.22 -0.489167 -0.514167
-0.5575 -0.625 0.085 0.195833 -0.486667 -0.4775
-0.5675 -0.615 0.065 0.201667 -0.448333 -0.456667
-0.5575 -0.705 0.155 0.233333 -0.5075 -0.578333
-0.5125 -0.725 0.17 0.2375 -0.51 -0.614167
-0.4975 -0.7 0.18 0.218333 -0.5225 -0.526667
-0.5325 -0.71 0.175 0.229167 -0.57 -0.545
-0.5375 -0.675 0.125 0.219167 -0.5475 -0.496667
-0.5575 -0.66 0.08 0.218333 -0.535 -0.4925
-0.5725 -0.69 0.1 0.23 -0.5675 -0.538333
-0.5975 -0.61 0.03 0.2025 -0.49 -0.454167
-0.6225 -0.615 0.025 0.203333 -0.5075 -0.470833
-0.6275 -0.625 0.015 0.215833 -0.53 -0.501667
-0.6325 -0.615 -0.035 0.21 -0.4875 -0.488333
-0.6525 -0.575 -0.08 0.206667 -0.46 -0.458333
-0.6525 -0.57 -0.08 0.195833 -0.453333 -0.4675
-0.6675 -0.555 -0.145 0.194167 -0.445833 -0.454167
-0.6725 -0.54 -0.125 0.184167 -0.435 -0.444167
-0.6875 -0.52 -0.16 0.1825 -0.406667 -0.444167
-0.6925 -0.485 -0.18 0.171667 -0.389167 -0.403333
-0.6875 -0.5 -0.185 0.164167 -0.369167 -0.400833
-0.6725 -0.505 -0.185 0.163333 -0.355 -0.396667
-0.6325 -0.57 -0.22 0.1825 -0.349167 -0.436667
-0.6225 -0.545 -0.255 0.1775 -0.300833 -0.411667
-0.6075 -0.62 -0.17 0.190833 -0.355 -0.483333
-0.6075 -0.595 -0.19 0.19 -0.338333 -0.435
-0.6025 -0.63 -0.125 0.185 -0.4075 -0.470833
-0.6825 -0.525 -0.01 0.141667 -0.561667 -0.3575
-0.6775 -0.53 0.03 0.141667 -0.5625 -0.369167
-0.6675 -0.51 0.155 0.1125 -0.633333 -0.326667
-0.6725 -0.515 0.175 0.114167 -0.700833 -0.334167
-0.6825 -0.495 0.175 0.105 -0.7125 -0.305833
-0.6825 -0.5 0.19 0.106667 -0.706667 -0.291667
-0.6875 -0.5 0.19 0.1 -0.7075 -0.2825
-0.6875 -0.49 0.19 0.095 -0.688333 -0.263333
-0.7125 -0.47 0.195 0.09 -0.706667 -0.251667
-0.7075 -0.475 0.155 0.0941667 -0.67 -0.255
-0.7125 -0.45 0.185 0.0833333 -0.671667 -0.234167
-0.7225 -0.43 0.26 0.075 -0.705 -0.241667
-0.7175 -0.415 0.265 0.0683333 -0.706667 -0.229167
-0.7175 -0.42 0.255 0.0708333 -0.698333 -0.241667
-0.6975 -0.48 0.255 0.0883333 -0.745 -0.2225
-0.7125 -0.43 0.235 0.0791667 -0.6975 -0.233333
-0.7225 -0.425 0.265 0.0783333 -0.699167 -0.234167
-0.7575 -0.335 0.265 0.05 -0.665 -0.208333
-0.7625 -0.325 0.26 0.0483333 -0.6675 -0.215
-0.7825 -0.2 0.285 -0.005 -0.648333 -0.02
-0.8275 -0.17 0.26 -0.0075 -0.655833 -0.0641667
-0.7475 -0.34 0.285 0.0575 -0.699167 -0.255833
-0.7875 -0.25 0.275 0.0183333 -0.671667 -0.146667
-0.8425 -0.15 0.245 -0.0125 -0.666667 -0.045
-0.7875 -0.24 0.265 0.0166667 -0.671667 -0.120833
-0.7425 -0.215 0.26 0.0116667 -0.604167 -0.0616667
-0.7875 -0.235 0.295 0.0158333 -0.695833 -0.115833
-0.7775 -0.23 0.295 0.015 -0.679167 -0.123333
-0.7525 -0.195 0.31 -0.005 -0.688333 -0.0533333
-0.7825 -0.16 0.44 -0.02 -0.7675 -0.0658333
-0.7725 -0.14 0.43 -0.00833333 -0.78 -0.0525
-0.7525 -0.15 0.395 -0.015 -0.741667 -0.0641667
-0.7375 -0.11 0.46 -0.03 -0.760833 -0.0466667
-0.7325 -0.115 0.5 -0.0233333 -0.786667 -0.04
-0.7275 -0.135 0.5 -0.0175 -0.791667 -0.0516667
-0.7025 -0.17 0.525 0 -0.820833 -0.0741667
-0.6925 -0.205 0.49 0.00583333 -0.805833 -0.105833
-0.6925 -0.21 0.53 0.0241667 -0.845833 -0.100833
-0.6825 -0.245 0.545 0.0283333 -0.838333 -0.125
-0.6675 -0.26 0.53 0.035 -0.84 -0.155833
-0.6475 -0.31 0.535 0.0625 -0.830833 -0.1925
-0.6475 -0.305 0.52 0.0616667 -0.8375 -0.195833
-0.6275 -0.35 0.53 0.0725 -0.835833 -0.2275
-0.6375 -0.32 0.525 0.0683333 -0.8275 -0.236667
-0.6525 -0.29 0.545 0.0541667 -0.814167 -0.22
-0.6825 -0.19 0.535 0.0283333 -0.7975 -0.1425
-0.6875 -0.175 0.55 0.0225 -0.804167 -0.17
-0.6975 -0.115 0.56 -0.00333333 -0.8075 -0.0833333
-0.6975 -0.035 0.56 -0.0341667 -0.7925 -0.0366667
-0.7025 -0.03 0.56 -0.03 -0.7975 -0.0533333
-0.6975 0.015 0.525 -0.0475 -0.7875 -0.000833333
-0.6975 0.1 0.555 -0.0733333 -0.783333 0.0633333
-0.6875 0.125 0.535 -0.0825 -0.7875 0.065
-0.6875 0.135 0.55 -0.085 -0.786667 0.08
-0.6825 0.18 0.55 -0.1175 -0.7775 0.1275
-0.6725 0.21 0.545 -0.123333 -0.761667 0.149167
-0.6575 0.265 0.55 -0.1375 -0.765 0.179167
-0.6575 0.28 0.55 -0.148333 -0.766667 0.2025
-0.6425 0.295 0.54 -0.1525 -0.745 0.205
-0.6325 0.34 0.54 -0.1675 -0.755 0.240833
-0.5975 0.41 0.545 -0.194167 -0.7625 0.294167
-0.5875 0.41 0.54 -0.188333 -0.764167 0.265833
-0.5425 0.49 0.54 -0.235 -0.738333 0.3575
-0.5275 0.495 0.545 -0.23 -0.75 0.325833
-0.4825 0.555 0.52 -0.254167 -0.730833 0.355833
-0.5275 0.505 0.51 -0.2375 -0.73 0.349167
-0.5325 0.51 0.515 -0.2375 -0.7475 0.374167
-0.5675 0.455 0.525 -0.221667 -0.75 0.346667
-0.6075 0.4 0.515 -0.2025 -0.750833 0.310833
-0.6375 0.33 0.52 -0.173333 -0.765833 0.255
-0.6425 0.325 0.535 -0.166667 -0.775833 0.260833
-0.6275 0.275 0.585 -0.145 -0.785833 0.231667
-0.6325 0.265 0.595 -0.1475 -0.784167 0.215
-0.6075 0.335 0.56 -0.169167 -0.794167 0.2675
-0.5925 0.355 0.57 -0.179167 -0.800833 0.266667
-0.5925 0.355 0.56 -0.17 -0.795 0.216667
-0.5575 0.43 0.555 -0.214167 -0.796667 0.309167
-0.5475 0.43 0.56 -0.208333 -0.8 0.265833
-0.4075 0.59 0.555 -0.269167 -0.7 0.401667
-0.3725 0.625 0.54 -0.2875 -0.718333 0.400833
-0.3375 0.63 0.55 -0.283333 -0.679167 0.43
-0.3325 0.635 0.545 -0.29 -0.668333 0.434167
-0.3175 0.565 0.61 -0.2425 -0.684167 0.393333
-0.2875 0.595 0.595 -0.265 -0.716667 0.368333
-0.1325 0.505 0.725 -0.21 -0.715 0.295
-0.3275 0.35 0.745 -0.1425 -0.723333 0.271667
-0.3975 0.265 0.755 -0.1075 -0.745833 0.229167
-0.4375 0.24 0.75 -0.105 -0.789167 0.2
-0.4425 0.225 0.735 -0.1075 -0.789167 0.183333
-0.4575 0.215 0.745 -0.1025 -0.814167 0.175
-0.4725 0.215 0.755 -0.1025 -0.808333 0.181667
-0.4475 0.23 0.735 -0.1025 -0.77 0.204167
-0.4475 0.23 0.735 -0.1025 -0.77 0.204167
-0.4025 0.255 0.795 -0.115833 -0.7875 0.2625
-0.4175 0.245 0.785 -0.118333 -0.790833 0.195833
-0.4425 0.315 0.76 -0.140833 -0.761667 0.291667
-0.4525 0.275 0.8 -0.1275 -0.826667 0.228333
-0.4625 0.34 0.62 -0.159167 -0.731667 0.295
-0.4625 0.285 0.815 -0.133333 -0.839167 0.223333
-0.4675 0.315 0.675 -0.138333 -0.729167 0.241667
-0.4875 0.31 0.685 -0.1325 -0.753333 0.221667
-0.4525 0.295 0.725 -0.134167 -0.7725 0.190833
-0.4325 0.29 0.68 -0.1225 -0.745 0.2375
-0.4075 0.285 0.715 -0.128333 -0.735 0.266667
-0.3875 0.255 0.695 -0.1125 -0.724167 0.214167
-0.4175 0.23 0.73 -0.103333 -0.765 0.165
-0.3975 0.255 0.745 -0.118333 -0.763333 0.273333
-0.4625 0.28 0.895 -0.131667 -0.905833 0.223333
-0.4125 0.25 0.68 -0.111667 -0.729167 0.165
-0.3925 0.26 0.705 -0.106667 -0.760833 0.235833
-0.7125 0.3 0.56 -0.185 -0.7325 0.274167
-0.6975 0.3 0.535 -0.188333 -0.6975 0.280833
-0.7025 0.305 0.55 -0.190833 -0.716667 0.286667
-0.6975 0.26 0.555 -0.1675 -0.744167 0.195833
-0.6975 0.25 0.6 -0.160833 -0.750833 0.163333
-0.6875 0.285 0.615 -0.1875 -0.729167 0.244167
-0.6475 0.275 0.635 -0.176667 -0.78 0.2475
-0.6675 0.255 0.665 -0.160833 -0.821667 0.224167
-0.6025 0.27 0.625 -0.169167 -0.758333 0.284167
-0.6475 0.275 0.74 -0.164167 -0.864167 0.248333
-0.5925 0.25 0.725 -0.155 -0.801667 0.223333
-0.5625 0.245 0.75 -0.148333 -0.768333 0.226667
-0.5275 0.235 0.795 -0.135 -0.785833 0.214167
-0.5025 0.23 0.83 -0.135833 -0.8 0.22
-0.5175 0.19 0.805 -0.126667 -0.829167 0.175833
-0.5175 0.19 0.805 -0.129167 -0.81 0.18
-0.5475 0.135 0.795 -0.0975 -0.856667 0.129167
-0.5475 0.105 0.785 -0.0966667 -0.844167 0.121667
-0.5425 0.155 0.795 -0.110833 -0.8475 0.155
-0.5375 0.165 0.815 -0.108333 -0.845833 0.130833
-0.5275 0.205 0.785 -0.123333 -0.8425 0.1525
-0.5175 0.245 0.8 -0.1325 -0.8525 0.17
-0.4825 0.3 0.835 -0.151667 -0.8075 0.2525
-0.4825 0.315 0.75 -0.175 -0.783333 0.358333
-0.4875 0.225 0.815 -0.1325 -0.8625 0.170833
-0.4625 0.2 0.825 -0.119167 -0.8475 0.135833
-0.4475 0.2 0.865 -0.125 -0.8825 0.165833
-0.4575 0.195 0.835 -0.1175 -0.855833 0.133333
-0.4825 0.215 0.805 -0.130833 -0.8525 0.170833
-0.4575 0.2 0.855 -0.114167 -0.846667 0.151667
-0.4475 0.19 0.915 -0.106667 -0.8775 0.160833
-0.3925 0.15 0.91 -0.0883333 -0.8125 0.13
-0.3825 0.135 0.96 -0.0808333 -0.830833 0.123333
-0.3375 0.115 0.935 -0.0658333 -0.790833 0.111667
-0.3675 0.085 0.92 -0.0566667 -0.831667 0.0833333
-0.3925 0.06 0.925 -0.0441667 -0.8575 0.0591667
-0.4125 0.02 0.9 -0.0375 -0.863333 0.0225
-0.4425 -0.01 0.87 -0.0225 -0.873333 -0.000833333
-0.4575 -0.035 0.865 -0.0191667 -0.870833 -0.0358333
-0.4825 -0.08 0.825 0.000833333 -0.870833 -0.0683333
-0.4875 -0.085 0.835 0.00416667 -0.885 -0.0975
-0.4925 -0.05 0.84 -0.00833333 -0.89 -0.0675
-0.4875 -0.01 0.825 -0.0308333 -0.899167 -0.035
-0.4975 0.04 0.825 -0.0533333 -0.9175 -0.00416667
-0.4925 0.06 0.82 -0.0616667 -0.919167 -0.0183333
-0.4875 0.095 0.83 -0.0775 -0.929167 -0.0175
-0.4825 0.125 0.83 -0.095 -0.935 -0.0108333
-0.4825 0.13 0.81 -0.0941667 -0.938333 -0.0358333
-0.4725 0.165 0.85 -0.108333 -0.9225 0.0366667
-0.4825 0.145 0.85 -0.115 -0.919167 0.0283333
-0.4775 0.075 0.93 -0.0716667 -1.02917 -0.0508333
-0.4225 0.07 0.83 -0.075 -0.8875 -0.025
-0.4475 0.025 0.95 -0.0575 -1.01667 -0.0816667
-0.4475 0.06 0.8 -0.0583333 -0.919167 -0.0575
-0.4525 0.065 0.875 -0.0691667 -0.968333 -0.0283333
-0.4575 0.12 0.855 -0.0916667 -0.910833 0.0108333
-0.4575 0.12 0.83 -0.0883333 -0.915 0.0025
-0.4675 0.145 0.81 -0.0908333 -0.896667 0.03
-0.4725 0.13 0.84 -0.0833333 -0.904167 0.0375
-0.4625 0.1 0.86 -0.0691667 -0.890833 0.0216667
-0.4575 0.07 0.87 -0.04 -0.895833 0.0208333
-0.4375 0.035 0.875 -0.0283333 -0.865833 0.0025
-0.4225 0.005 0.895 -0.0133333 -0.865 -0.0133333
-0.4175 -0.005 0.915 -0.0075 -0.861667 -0.0208333
-0.4075 -0.02 0.88 -0.0025 -0.846667 -0.03
-0.4175 -0.015 0.88 -0.0116667 -0.8725 -0.0475
-0.4475 -0.03 0.875 -0.00833333 -0.878333 -0.0666667
-0.4625 -0.035 0.855 -0.0133333 -0.913333 -0.0658333
-0.4775 -0.045 0.86 -0.0075 -0.905833 -0.0883333
-0.5125 -0.06 0.815 -0.00416667 -0.8975 -0.105
-0.5125 -0.065 0.79 -0.0075 -0.875833 -0.114167
-0.5325 -0.07 0.79 -0.0025 -0.9025 -0.124167
-0.5325 -0.08 0.77 0.00583333 -0.8975 -0.171667
-0.5325 -0.035 0.795 -0.0216667 -0.908333 -0.124167
-0.5325 0.005 0.78 -0.0341667 -0.925 -0.095
-0.5325 0.025 0.78 -0.0558333 -0.938333 -0.120833
-0.5325 0.075 0.775 -0.0675 -0.941667 -0.104167
-0.5225 0.13 0.755 -0.100833 -0.9675 -0.1025
-0.5175 0.16 0.795 -0.0991667 -0.9 0.0208333
-0.4975 0.19 0.78 -0.103333 -0.899167 0.07
-0.5175 0.16 0.76 -0.103333 -0.900833 0.03
-0.5075 0.135 0.76 -0.0966667 -0.906667 -0.00916667
-0.5175 0.145 0.77 -0.0983333 -0.91 0.000833333
-0.4775 0.145 0.695 -0.0908333 -0.831667 -0.00666667
-0.4975 0.13 0.77 -0.0933333 -0.900833 0.0366667
-0.5025 0.08 0.775 -0.0708333 -0.895 -0.0858333
-0.4675 0.065 0.67 -0.0625 -0.7825 -0.0833333
-0.5125 0.12 0.785 -0.0825 -0.959167 -0.0275
-0.4975 0.13 0.77 -0.0891667 -0.883333 -0.0158333
-0.5225 0.185 0.79 -0.115833 -0.928333 0.0233333
-0.4975 0.18 0.72 -0.11 -0.814167 0.00333333
-0.5375 0.215 0.775 -0.1275 -0.935833 0.0425
-0.5475 0.24 0.795 -0.128333 -0.946667 0.0516667
-0.5225 0.195 0.765 -0.103333 -0.878333 0.0616667
-0.5375 0.145 0.83 -0.0866667 -0.881667 0.0483333
-0.5375 0.135 0.82 -0.08 -0.884167 0.0466667
-0.5275 0.105 0.795 -0.0616667 -0.848333 0.0391667
-0.5075 0.1 0.85 -0.0533333 -0.869167 0.035
-0.4825 0.1 0.845 -0.0566667 -0.879167 0.0358333
-0.4575 0.1 0.88 -0.0525 -0.88 0.0375
-0.4475 0.1 0.89 -0.05 -0.886667 0.0475
-0.4025 0.11 0.91 -0.055 -0.859167 0.06
-0.3775 0.11 0.91 -0.0508333 -0.845833 0.0658333
-0.3375 0.115 0.925 -0.0516667 -0.835833 0.0683333
-0.2775 0.125 0.95 -0.0525 -0.8225 0.0808333
-0.2525 0.13 0.95 -0.0508333 -0.810833 0.0841667
-0.2025 0.14 0.955 -0.0458333 -0.805833 0.1
-0.2025 0.14 0.97 -0.0458333 -0.814167 0.0925
-0.2025 0.15 0.99 -0.0558333 -0.814167 0.115
-0.2125 0.11 0.985 -0.0383333 -0.805833 0.11
-0.2125 0.115 0.985 -0.04 -0.803333 0.125
-0.2125 0.105 0.985 -0.04 -0.795833 0.145833
-0.2225 0.085 0.99 -0.0283333 -0.7975 0.1325
-0.2275 0.045 0.97 -0.00916667 -0.785833 0.0991667
-0.2225 0.025 1.01 -0.0075 -0.780833 0.0983333
-0.2275 0.02 1.015 -0.01 -0.773333 0.119167
-0.2225 -0.005 0.995 0.00333333 -0.768333 0.0666667
-0.2225 0.015 0.98 -0.0141667 -0.773333 0.103333
-0.2325 0.015 0.99 -0.005 -0.7825 0.109167
-0.2275 0.005 0.99 -0.0025 -0.789167 0.0716667
-0.2125 0.03 0.965 -0.015 -0.7525 0.12
-0.2325 -0.035 0.98 0.0175 -0.786667 0.00166667
-0.2125 -0.015 0.965 -0.00333333 -0.756667 0.0241667
-0.2175 0 0.995 0.00333333 -0.8125 0.0641667
-0.2025 -0.025 0.985 0.0075 -0.789167 0.0366667
-0.2125 -0.05 1.025 0.0158333 -0.8325 -0.0116667
-0.2125 -0.015 1 -0.00583333 -0.83 0.0391667
-0.1825 -0.045 0.995 0.0208333 -0.756667 0.0341667
-0.1725 -0.055 1 0.0258333 -0.7475 0.03
-0.1675 -0.065 0.97 0.0333333 -0.756667 0.0175
-0.1525 -0.08 1.005 0.055 -0.756667 0.0175
-0.1375 -0.105 1 0.0616667 -0.750833 0.0025
-0.1125 -0.13 1.01 0.07 -0.725833 -0.0191667
-0.0725 -0.09 1.015 0.0533333 -0.725833 0.0108333
-0.0075 -0.035 1.005 0.0325 -0.685 0.0466667
-0.0075 -0.035 1.01 0.0341667 -0.680833 0.0516667
0.0025 -0.04 1.045 0.0333333 -0.758333 0.0441667
-0.0525 0.01 1.015 0.0125 -0.741667 0.0775
-0.0675 0.015 1.09 0.0441667 -0.881667 0.0908333
-0.0475 0.015 1 -0.00583333 -0.72 0.0741667
-0.0875 0.055 1.015 -0.035 -0.7625 0.09
-0.0975 0.07 0.965 -0.0416667 -0.7625 0.110833
-0.1575 0.115 0.91 -0.0675 -0.740833 0.116667
-0.2075 0.155 1.015 -0.085 -0.833333 0.149167
-0.2325 0.165 0.945 -0.0958333 -0.815 0.153333
-0.2625 0.19 0.945 -0.108333 -0.838333 0.1725
-0.2575 0.205 0.945 -0.114167 -0.81 0.186667
-0.2325 0.235 0.95 -0.116667 -0.788333 0.215
-0.2125 0.25 0.93 -0.125833 -0.759167 0.218333
-0.1875 0.295 0.935 -0.138333 -0.745 0.259167
-0.1825 0.29 0.93 -0.138333 -0.731667 0.255
-0.1775 0.31 0.945 -0.144167 -0.755 0.286667
-0.1625 0.32 0.935 -0.144167 -0.705833 0.290833
-0.1375 0.36 0.91 -0.160833 -0.7025 0.33
-0.1575 0.34 0.94 -0.161667 -0.708333 0.325833
-0.1775 0.32 0.915 -0.148333 -0.715 0.284167
-0.1975 0.31 0.945 -0.1525 -0.720833 0.285
-0.2125 0.305 0.935 -0.150833 -0.7325 0.305833
-0.2225 0.295 0.91 -0.1475 -0.739167 0.298333
-0.2425 0.285 0.93 -0.15 -0.7525 0.318333
-0.2725 0.245 0.945 -0.136667 -0.78 0.255
-0.2825 0.23 0.92 -0.131667 -0.779167 0.235833
-0.2775 0.345 0.9 -0.185833 -0.734167 0.358333
-0.2875 0.205 0.935 -0.1175 -0.803333 0.234167
-0.2825 0.25 0.895 -0.135 -0.759167 0.27
-0.2775 0.235 0.895 -0.128333 -0.753333 0.245
-0.2825 0.265 0.97 -0.156667 -0.761667 0.285
-0.2975 0.25 0.915 -0.144167 -0.765833 0.295
-0.3275 0.235 0.86 -0.126667 -0.790833 0.243333
-0.3275 0.215 0.875 -0.118333 -0.75 0.181667
-0.3725 0.27 0.95 -0.1525 -0.833333 0.295
-0.3925 0.245 0.875 -0.130833 -0.76 0.219167
-0.4175 0.245 0.84 -0.136667 -0.805 0.245833
-0.4425 0.26 0.885 -0.1525 -0.849167 0.275
-0.4675 0.265 0.865 -0.144167 -0.869167 0.2775
-0.4575 0.245 0.76 -0.141667 -0.779167 0.2475
-0.5175 0.25 0.79 -0.150833 -0.834167 0.264167
-0.5175 0.25 0.785 -0.156667 -0.814167 0.266667
-0.5325 0.235 0.775 -0.153333 -0.835 0.255833
-0.5425 0.24 0.77 -0.15 -0.834167 0.255
-0.5525 0.21 0.77 -0.120833 -0.8325 0.235
-0.5325 0.255 0.785 -0.16 -0.793333 0.255833
-0.5175 0.27 0.785 -0.156667 -0.778333 0.253333
-0.5225 0.305 0.77 -0.175 -0.765833 0.290833
-0.5125 0.345 0.78 -0.193333 -0.749167 0.325
-0.5075 0.355 0.76 -0.195833 -0.734167 0.328333
-0.5075 0.4 0.75 -0.208333 -0.714167 0.370833
-0.5325 0.36 0.735 -0.1975 -0.749167 0.3475
-0.5325 0.37 0.74 -0.203333 -0.741667 0.376667
-0.5625 0.315 0.75 -0.185833 -0.761667 0.333333
-0.5775 0.275 0.72 -0.178333 -0.779167 0.308333
-0.5775 0.29 0.735 -0.184167 -0.775 0.349167
-0.6025 0.215 0.72 -0.156667 -0.798333 0.289167
-0.6025 0.19 0.725 -0.151667 -0.804167 0.269167
-0.6225 0.14 0.725 -0.1275 -0.834167 0.235833
-0.6225 0.145 0.715 -0.125 -0.820833 0.250833
-0.6225 0.08 0.715 -0.113333 -0.846667 0.216667
-0.6325 0.05 0.735 -0.100833 -0.846667 0.205
-0.6325 0 0.715 -0.0866667 -0.865 0.180833
-0.6325 -0.05 0.715 -0.0633333 -0.865833 0.135
-0.6175 -0.11 0.72 -0.045 -0.884167 0.0941667
-0.6125 -0.145 0.71 -0.0325 -0.885 0.0875
-0.6075 -0.185 0.685 -0.0141667 -0.896667 0.0883333
-0.5275 -0.35 0.7 0.0525 -0.885 -0.0558333
-0.5275 -0.32 0.71 0.0358333 -0.856667 -0.0841667
-0.5275 -0.275 0.78 0.0133333 -0.884167 -0.0891667
-0.5125 -0.25 0.775 0.00583333 -0.859167 -0.0683333
-0.4925 -0.21 0.8 -0.015 -0.835 -0.0808333
-0.5025 -0.175 0.825 -0.0191667 -0.861667 -0.0525
-0.5025 -0.145 0.805 -0.0266667 -0.864167 -0.00833333
-0.4875 -0.225 0.785 -0.0025 -0.894167 -0.0483333
-0.4725 -0.27 0.805 0.02 -0.918333 -0.0158333
-0.7175 0.285 0.56 -0.184167 -0.69 0.241667
-0.7175 0.3 0.54 -0.198333 -0.686667 0.285
-0.7175 0.315 0.545 -0.198333 -0.68 0.293333
-0.7225 0.29 0.56 -0.1825 -0.700833 0.244167
-0.7125 0.32 0.57 -0.203333 -0.704167 0.274167
-0.7225 0.305 0.58 -0.196667 -0.7 0.293333
-0.7175 0.275 0.575 -0.181667 -0.705 0.216667
-0.7375 0.22 0.54 -0.140833 -0.739167 0.195833
-0.7325 0.295 0.52 -0.1875 -0.685833 0.25
-0.7425 0.28 0.53 -0.175 -0.706667 0.1975
-0.7075 0.34 0.555 -0.2175 -0.669167 0.343333
-0.7025 0.29 0.605 -0.1975 -0.72 0.2525
-0.6925 0.32 0.585 -0.21 -0.688333 0.3325
-0.6725 0.27 0.67 -0.1775 -0.77 0.218333
-0.6625 0.28 0.625 -0.184167 -0.738333 0.2325
-0.6875 0.3 0.59 -0.194167 -0.753333 0.270833
-0.7125 0.295 0.575 -0.19 -0.715 0.264167
-0.7075 0.295 0.585 -0.190833 -0.7425 0.2575
-0.6975 0.29 0.485 -0.2 -0.661667 0.259167
-0.7225 0.3 0.5 -0.2025 -0.705833 0.2625
-0.7575 0.315 0.455 -0.209167 -0.715833 0.274167
-0.7625 0.31 0.44 -0.215 -0.693333 0.275833
-0.7725 0.305 0.395 -0.213333 -0.674167 0.2625
-0.7725 0.31 0.305 -0.22 -0.628333 0.268333
-0.7775 0.315 0.235 -0.223333 -0.595 0.280833
-0.8075 0.33 0.225 -0.2275 -0.616667 0.294167
-0.8175 0.325 0.185 -0.228333 -0.5975 0.293333
-0.8225 0.33 0.16 -0.24 -0.563333 0.3
-0.8125 0.325 0.14 -0.233333 -0.523333 0.295833
-0.8175 0.335 0.14 -0.235 -0.569167 0.303333
-0.8175 0.315 0.15 -0.230833 -0.556667 0.280833
-0.8175 0.32 0.115 -0.22 -0.565833 0.263333
-0.8125 0.315 0.14 -0.22 -0.580833 0.266667
-0.8175 0.325 0.12 -0.2225 -0.58 0.265833
-0.8225 0.32 0.135 -0.215 -0.569167 0.271667
-0.8025 0.375 0.16 -0.245833 -0.569167 0.32
-0.7825 0.415 0.115 -0.2475 -0.5625 0.329167
-0.7625 0.46 0.115 -0.264167 -0.555 0.361667
-0.7525 0.475 0.11 -0.268333 -0.555 0.356667
-0.7325 0.47 0.09 -0.276667 -0.514167 0.349167
-0.7225 0.475 0.05 -0.271667 -0.503333 0.349167
-0.7375 0.48 0.065 -0.273333 -0.528333 0.358333
-0.7175 0.485 0.015 -0.279167 -0.5025 0.359167
-0.7325 0.49 0.04 -0.2775 -0.46 0.379167
-0.7475 0.475 0.055 -0.275 -0.460833 0.381667
-0.7275 0.51 0.045 -0.286667 -0.460833 0.399167
-0.7025 0.54 0.025 -0.3 -0.459167 0.405833
-0.6875 0.565 0.02 -0.306667 -0.454167 0.413333
-0.6725 0.59 0.02 -0.310833 -0.456667 0.426667
-0.6425 0.61 0.04 -0.330833 -0.446667 0.4425
-0.5725 0.69 -0.01 -0.354167 -0.4375 0.4925
-0.4725 0.765 0.02 -0.380833 -0.285833 0.5725
-0.4475 0.795 0.025 -0.396667 -0.313333 0.6025
-0.5175 0.735 0.03 -0.374167 -0.305833 0.568333
-0.5525 0.705 0.045 -0.369167 -0.311667 0.561667
-0.5775 0.69 0.04 -0.37 -0.3225 0.5775
-0.6525 0.595 0.05 -0.33 -0.355 0.4825
-0.6625 0.605 0.04 -0.3375 -0.356667 0.524167
-0.6925 0.545 0.07 -0.314167 -0.370833 0.455
-0.7175 0.535 0.065 -0.309167 -0.385 0.4775
-0.7625 0.435 0.03 -0.2625 -0.405 0.370833
-0.7725 0.45 0.045 -0.273333 -0.406667 0.4175
-0.7975 0.385 0.05 -0.249167 -0.421667 0.349167
-0.8125 0.325 0.05 -0.231667 -0.4325 0.311667
-0.8225 0.275 0.035 -0.2125 -0.4475 0.2675
-0.8475 0.215 0.04 -0.18 -0.4625 0.226667
-0.8525 0.165 0.035 -0.166667 -0.470833 0.1875
-0.8575 0.11 0.03 -0.146667 -0.476667 0.149167
-0.8625 0.04 0.025 -0.126667 -0.4925 0.0966667
-0.8675 -0.005 0.025 -0.095 -0.501667 0.0591667
-0.8625 -0.06 0 -0.0775 -0.504167 0.0183333
-0.8525 -0.12 0 -0.0583333 -0.51 -0.0208333
-0.8375 -0.185 0.01 -0.0383333 -0.516667 -0.0725
-0.8275 -0.22 -0.02 -0.0183333 -0.519167 -0.0775
-0.8125 -0.27 0.015 -0.00416667 -0.5275 -0.105
-0.7775 -0.36 -0.035 0.0333333 -0.541667 -0.183333
-0.7575 -0.415 -0.03 0.0558333 -0.536667 -0.2275
-0.6725 -0.565 0.04 0.12 -0.514167 -0.388333
-0.6925 -0.525 0.03 0.1075 -0.520833 -0.325833
-0.7025 -0.515 0.05 0.104167 -0.519167 -0.349167
-0.7325 -0.47 0.055 0.0933333 -0.51 -0.319167
-0.7725 -0.39 0.05 0.0633333 -0.506667 -0.258333
-0.7975 -0.345 0.055 0.0575 -0.505 -0.2575
-0.7975 -0.34 0.035 0.0525 -0.506667 -0.244167
-0.8225 -0.26 0.06 0.0233333 -0.498333 -0.178333
-0.8425 -0.18 0.1 -0.00416667 -0.495 -0.125
-0.8575 -0.105 0.075 -0.035 -0.491667 -0.0541667
-0.8575 -0.025 0.09 -0.0575 -0.488333 -0.0191667
-0.8625 0.07 0.09 -0.101667 -0.475833 0.0991667
-0.8625 0.1 0.09 -0.111667 -0.470833 0.0941667
-0.8625 0.12 0.085 -0.125 -0.4675 0.115
-0.8625 0.16 0.09 -0.130833 -0.461667 0.143333
-0.8525 0.215 0.085 -0.1525 -0.460833 0.189167
-0.8325 0.265 0.11 -0.175 -0.453333 0.229167
-0.8175 0.31 0.105 -0.194167 -0.4375 0.2425
-0.8125 0.32 0.105 -0.198333 -0.44 0.243333
-0.7725 0.44 0.085 -0.24 -0.425 0.3575
-0.7625 0.435 0.1 -0.235833 -0.428333 0.325
-0.7275 0.5 0.105 -0.259167 -0.410833 0.380833
-0.6875 0.555 0.1 -0.294167 -0.394167 0.433333
-0.6525 0.595 0.105 -0.310833 -0.39 0.459167
-0.6575 0.6 0.11 -0.31 -0.385833 0.466667
-0.6325 0.62 0.09 -0.319167 -0.378333 0.460833
-0.5925 0.68 0.09 -0.345 -0.369167 0.534167
-0.5125 0.735 0.07 -0.356667 -0.345833 0.5375
-0.4825 0.765 0.09 -0.37 -0.345833 0.565
-0.4725 0.77 0.075 -0.374167 -0.339167 0.559167
-0.4475 0.775 0.15 -0.375 -0.375833 0.565833
-0.4175 0.795 0.15 -0.383333 -0.3825 0.573333
-0.4825 0.755 0.17 -0.3775 -0.375 0.583333
-0.4825 0.75 0.16 -0.375 -0.379167 0.579167
-0.5275 0.73 0.175 -0.365 -0.385833 0.580833
-0.5775 0.685 0.175 -0.354167 -0.400833 0.555833
-0.5825 0.655 0.175 -0.339167 -0.3775 0.515
-0.6025 0.64 0.185 -0.338333 -0.395833 0.51
-0.6075 0.645 0.19 -0.3375 -0.399167 0.526667
-0.6275 0.615 0.175 -0.3225 -0.4125 0.490833
-0.6625 0.575 0.195 -0.311667 -0.428333 0.469167
-0.7075 0.505 0.2 -0.29 -0.449167 0.403333
-0.7125 0.515 0.18 -0.288333 -0.444167 0.431667
-0.7325 0.48 0.19 -0.281667 -0.459167 0.416667
-0.7525 0.445 0.175 -0.258333 -0.471667 0.36
-0.7675 0.425 0.175 -0.254167 -0.484167 0.38
-0.7675 0.435 0.16 -0.263333 -0.4775 0.41
-0.7925 0.375 0.18 -0.236667 -0.495 0.355
-0.8225 0.305 0.16 -0.204167 -0.511667 0.281667
-0.8325 0.255 0.18 -0.19 -0.529167 0.238333
-0.8425 0.205 0.175 -0.1725 -0.538333 0.215833
-0.8525 0.145 0.145 -0.146667 -0.545 0.155
-0.8625 0.085 0.175 -0.13 -0.5625 0.12
-0.8625 0.085 0.17 -0.1325 -0.559167 0.145833
-0.8675 0.045 0.17 -0.116667 -0.545 0.106667
-0.8625 -0.03 0.17 -0.09 -0.58 0.0483333
-0.8625 -0.035 0.175 -0.0875 -0.576667 0.055
-0.8525 -0.115 0.14 -0.0575 -0.5975 0
-0.8425 -0.195 0.125 -0.0283333 -0.618333 -0.0616667
-0.8225 -0.26 0.135 -0.000833333 -0.618333 -0.105833
-0.8175 -0.255 0.135 -0.0116667 -0.6125 -0.0691667
-0.7875 -0.335 0.1 0.0133333 -0.634167 -0.1225
-0.7525 -0.415 0.105 0.045 -0.653333 -0.1775
-0.5425 -0.695 0.06 0.175 -0.5475 -0.451667
-0.4825 -0.745 0.09 0.190833 -0.4925 -0.509167
-0.4525 -0.77 0.095 0.2025 -0.525833 -0.505
-0.4425 -0.785 0.07 0.211667 -0.5 -0.545833
-0.4675 -0.775 0.11 0.210833 -0.489167 -0.556667
-0.4925 -0.745 0.125 0.196667 -0.489167 -0.545833
-0.5575 -0.69 0.115 0.178333 -0.494167 -0.520833
-0.6225 -0.6 0.115 0.1475 -0.543333 -0.410833
-0.6575 -0.555 0.125 0.1275 -0.536667 -0.385833
-0.5925 -0.635 0.1 0.175 -0.458333 -0.476667
-0.6375 -0.6 0.14 0.158333 -0.4725 -0.465833
-0.6775 -0.545 0.125 0.144167 -0.484167 -0.416667
-0.6775 -0.55 0.125 0.1425 -0.49 -0.451667
-0.7325 -0.445 0.14 0.119167 -0.5 -0.331667
-0.7325 -0.465 0.11 0.124167 -0.505 -0.385833
-0.7625 -0.38 0.175 0.0875 -0.518333 -0.310833
-0.8125 -0.275 0.155 0.0508333 -0.530833 -0.209167
-0.8125 -0.28 0.135 0.055 -0.535 -0.26
-0.8275 -0.22 0.13 0.0341667 -0.544167 -0.198333
-0.8525 -0.13 0.135 0.005 -0.545833 -0.126667
-0.7125 0.285 0.53 -0.165 -0.705 0.246667
-0.6925 0.29 0.59 -0.174167 -0.77 0.265
-0.6925 0.29 0.595 -0.1675 -0.753333 0.2475
-0.6875 0.295 0.625 -0.1725 -0.765833 0.264167
-0.6725 0.32 0.645 -0.189167 -0.7625 0.325
-0.6575 0.27 0.68 -0.161667 -0.795 0.225833
-0.6525 0.285 0.71 -0.178333 -0.815 0.2625
-0.6525 0.28 0.665 -0.171667 -0.779167 0.268333
-0.6525 0.28 0.66 -0.160833 -0.7825 0.253333
-0.6525 0.265 0.64 -0.160833 -0.761667 0.240833
-0.6375 0.27 0.69 -0.161667 -0.766667 0.2375
-0.6075 0.26 0.72 -0.1475 -0.7425 0.230833
-0.5925 0.25 0.69 -0.1425 -0.745833 0.215833
-0.5475 0.23 0.8 -0.141667 -0.7925 0.2125
-0.5425 0.23 0.83 -0.138333 -0.796667 0.208333
-0.4975 0.21 0.845 -0.1275 -0.7925 0.196667
-0.4675 0.2 0.815 -0.124167 -0.733333 0.186667
-0.4425 0.19 0.83 -0.108333 -0.743333 0.171667
-0.4075 0.18 0.895 -0.105 -0.7475 0.17
-0.3775 0.17 0.94 -0.0958333 -0.785 0.164167
-0.3325 0.15 0.93 -0.0891667 -0.753333 0.145833
-0.2575 0.125 0.99 -0.0675 -0.7625 0.119167
-0.1875 0.09 0.995 -0.0533333 -0.75 0.085
-0.1475 0.08 1.02 -0.0508333 -0.736667 0.0833333
-0.0825 0.055 1.015 -0.0325 -0.719167 0.0608333
-0.1375 0.075 0.99 -0.05 -0.771667 0.0733333
-0.1725 0.09 0.98 -0.0566667 -0.788333 0.0975
-0.2075 0.085 1.04 -0.0608333 -0.825 0.0625
-0.1975 0.105 0.975 -0.0575 -0.7725 0.0958333
-0.1925 0.12 0.985 -0.0666667 -0.76 0.0916667
-0.1875 0.15 0.98 -0.08 -0.741667 0.1275
-0.1825 0.135 0.99 -0.0708333 -0.761667 0.109167
-0.1775 0.14 0.99 -0.0725 -0.756667 0.111667
-0.1775 0.13 0.98 -0.0733333 -0.764167 0.0916667
-0.1725 0.155 1 -0.0775 -0.761667 0.110833
-0.1675 0.155 0.98 -0.0741667 -0.761667 0.106667
-0.1625 0.155 0.98 -0.075 -0.768333 0.0941667
-0.1625 0.175 1 -0.085 -0.770833 0.129167
-0.1425 0.175 1 -0.0925 -0.7675 0.145
-0.1475 0.19 0.98 -0.0858333 -0.7675 0.146667
-0.1425 0.18 0.955 -0.0841667 -0.77 0.105833
-0.1275 0.195 1 -0.0966667 -0.775 0.143333
-0.1175 0.205 0.98 -0.0933333 -0.771667 0.16
-0.1125 0.21 0.98 -0.1025 -0.774167 0.1425
-0.1125 0.21 0.98 -0.100833 -0.768333 0.1425
-0.1025 0.215 0.975 -0.101667 -0.765 0.135833
-0.0925 0.22 0.945 -0.0983333 -0.776667 0.119167
-0.0825 0.225 0.96 -0.111667 -0.775833 0.129167
-0.0625 0.245 0.97 -0.1125 -0.771667 0.16
-0.0575 0.255 0.96 -0.1275 -0.786667 0.159167
0.0075 0.26 0.945 -0.1175 -0.708333 0.183333
0.0025 0.25 0.955 -0.108333 -0.7025 0.185833
-0.0125 0.26 0.95 -0.104167 -0.705 0.236667
-0.0175 0.26 0.955 -0.113333 -0.705833 0.256667
-0.0325 0.26 0.975 -0.105 -0.704167 0.2625
-0.0475 0.245 0.975 -0.105 -0.700833 0.25
-0.0675 0.245 0.985 -0.106667 -0.705833 0.268333
-0.0875 0.235 0.98 -0.110833 -0.711667 0.239167
-0.0925 0.245 0.985 -0.106667 -0.715 0.270833
-0.1025 0.235 0.985 -0.11 -0.72 0.2725
-0.1225 0.22 1 -0.110833 -0.729167 0.238333
-0.1375 0.2 0.985 -0.106667 -0.7375 0.2
-0.1375 0.22 1.005 -0.119167 -0.735833 0.258333
-0.1925 0.13 0.985 -0.0816667 -0.79 0.169167
-0.1975 0.115 0.995 -0.0791667 -0.7925 0.145
-0.2075 0.09 1 -0.0666667 -0.798333 0.0975
-0.2125 0.09 0.995 -0.0691667 -0.8025 0.113333
-0.2175 0.095 0.985 -0.0758333 -0.809167 0.148333
-0.2125 0.085 1.005 -0.07 -0.8075 0.126667
-0.2225 0.065 1.01 -0.0716667 -0.825833 0.1175
-0.2275 0.04 0.985 -0.0641667 -0.8275 0.0883333
-0.2275 0.035 0.98 -0.0675 -0.838333 0.0833333
-0.2325 0.02 0.975 -0.0658333 -0.845 0.0875
-0.2375 -0.01 0.995 -0.0583333 -0.858333 0.0475
-0.2325 0 0.99 -0.0716667 -0.851667 0.0841667
-0.2375 -0.03 0.99 -0.0558333 -0.865 0.0591667
-0.2375 -0.055 0.995 -0.0591667 -0.870833 0.0508333
-0.2325 -0.075 0.99 -0.0458333 -0.8875 0.06
-0.2275 -0.09 1.01 -0.0433333 -0.891667 0.0591667
-0.2225 -0.11 0.98 -0.0366667 -0.895833 0.0608333
-0.2075 -0.145 1.005 -0.0325 -0.914167 0.0508333
-0.1975 -0.17 0.98 -0.0191667 -0.92 0.03
-0.1675 -0.23 0.975 -0.005 -0.940833 0.0141667
-0.0775 -0.23 0.96 -0.00666667 -0.870833 -0.0383333
-0.0725 -0.23 0.975 -0.00916667 -0.855833 -0.08
-0.0875 -0.195 0.97 -0.0183333 -0.836667 -0.0775
-0.0975 -0.18 0.965 -0.025 -0.8275 -0.0808333
-0.1075 -0.17 0.985 -0.0241667 -0.816667 -0.0958333
-0.1225 -0.15 0.98 -0.0266667 -0.813333 -0.105
-0.1325 -0.135 0.975 -0.0291667 -0.805 -0.0975
-0.1325 -0.155 0.97 -0.0158333 -0.813333 -0.145833
-0.1375 -0.135 0.98 -0.0316667 -0.805833 -0.126667
-0.1475 -0.105 0.985 -0.0266667 -0.798333 -0.106667
-0.1525 -0.09 1 -0.0241667 -0.793333 -0.0933333
-0.1575 -0.1 0.99 -0.0275 -0.795 -0.113333
-0.1725 -0.065 0.99 -0.0225 -0.794167 -0.0841667
-0.1725 -0.05 0.99 -0.0233333 -0.780833 -0.07
-0.1775 -0.035 0.99 -0.0241667 -0.78 -0.0666667
-0.1775 -0.02 0.985 -0.0283333 -0.775 -0.035
-0.1725 0.005 1.01 -0.035 -0.781667 -0.00666667
-0.1775 0.005 1.005 -0.0258333 -0.781667 -0.0241667
-0.1825 0.015 1.01 -0.035 -0.786667 -0.00833333
-0.1775 0.05 1.005 -0.045 -0.791667 0.0416667
-0.1825 0.065 1.005 -0.0433333 -0.7975 0.0541667
-0.1775 0.045 1.005 -0.0408333 -0.804167 -0.000833333
-0.1825 0.075 1.005 -0.0483333 -0.8075 0.0425
-0.1725 0.1 0.975 -0.0558333 -0.814167 0.0608333
-0.1775 0.03 1 -0.0258333 -0.819167 0.0366667
-0.2075 0.015 0.99 -0.0116667 -0.854167 0.0208333
-0.2025 0.035 1.02 -0.0316667 -0.839167 0.045
-0.2025 0.04 1 -0.035 -0.845 0.0308333
-0.2025 0.03 0.975 -0.0308333 -0.84 0.000833333
-0.1975 0.05 0.995 -0.0425 -0.861667 -0.0133333
-0.1925 0.08 0.955 -0.06 -0.86 0.0166667
-0.1825 0.095 0.975 -0.065 -0.869167 -0.00166667
-0.1825 0.125 0.975 -0.0766667 -0.875 0.0458333
-0.1725 0.105 0.965 -0.0733333 -0.8675 -0.0166667
-0.2525 0.105 0.975 -0.0808333 -0.900833 0.0175
-0.2625 0.08 0.96 -0.0641667 -0.875833 0.0275
-0.2625 0.05 0.97 -0.0466667 -0.8625 0.0225
-0.2625 0.065 0.965 -0.0508333 -0.865833 0.08
-0.2675 0.025 0.98 -0.0291667 -0.850833 0.0583333
-0.2675 -0.005 0.98 -0.0133333 -0.835 0.0316667
-0.2675 -0.005 0.98 -0.015 -0.835833 0.065
-0.2575 -0.04 1.005 0.000833333 -0.83 0.0291667
-0.2625 -0.06 1 0.00833333 -0.823333 0.00333333
-0.3275 0.015 0.99 -0.0225 -0.861667 0.0691667
-0.3075 0.005 0.935 -0.0191667 -0.833333 0.0425
-0.2675 -0.04 0.995 0.00583333 -0.854167 0.0191667
-0.2625 -0.04 0.965 -0.0108333 -0.856667 -0.01
-0.2475 -0.085 0.97 0.0141667 -0.818333 -0.0025
-0.2375 -0.105 0.965 0.0233333 -0.808333 -0.0308333
-0.2375 -0.115 0.975 0.0216667 -0.806667 -0.0208333
-0.2225 -0.135 0.96 0.0275 -0.795 -0.0375
-0.2225 -0.14 0.965 0.0258333 -0.8 -0.0466667
-0.2075 -0.195 0.97 0.0441667 -0.801667 -0.0983333
-0.2125 -0.215 0.965 0.0541667 -0.795 -0.1075
-0.1875 -0.235 0.955 0.0533333 -0.779167 -0.114167
-0.1825 -0.235 0.965 0.0508333 -0.78 -0.121667
-0.1625 -0.255 0.94 0.0575 -0.7725 -0.141667
-0.1425 -0.265 0.945 0.0558333 -0.78 -0.161667
-0.1375 -0.275 0.94 0.0616667 -0.7775 -0.165
-0.1275 -0.275 0.94 0.0533333 -0.778333 -0.158333
-0.1025 -0.305 0.94 0.065 -0.7825 -0.181667
-0.0725 -0.32 0.92 0.065 -0.776667 -0.206667
-0.0725 -0.295 0.92 0.0575 -0.773333 -0.138333
-0.0475 -0.325 0.93 0.0575 -0.774167 -0.1825
-0.0375 -0.315 0.915 0.0558333 -0.771667 -0.148333
-0.0125 -0.33 0.915 0.0525 -0.774167 -0.16
0.0225 -0.34 0.9 0.0541667 -0.780833 -0.16
0.0475 -0.35 0.915 0.0575 -0.7825 -0.169167
0.0475 -0.33 0.935 0.05 -0.775833 -0.138333
0.1375 -0.38 0.9 0.0616667 -0.7175 -0.1675
0.1425 -0.365 0.89 0.0475 -0.678333 -0.244167
0.1125 -0.365 0.86 0.0583333 -0.6775 -0.2525
0.0925 -0.365 0.87 0.0525 -0.669167 -0.255
0.0725 -0.375 0.885 0.0541667 -0.670833 -0.298333
0.0425 -0.375 0.885 0.0666667 -0.683333 -0.318333
0.0075 -0.37 0.915 0.075 -0.690833 -0.316667
-0.0225 -0.36 0.925 0.075 -0.693333 -0.306667
-0.0475 -0.36 0.88 0.0791667 -0.708333 -0.320833
-0.0125 -0.36 0.905 0.085 -0.67 -0.304167
-0.0175 -0.34 0.89 0.085 -0.675 -0.271667
-0.0425 -0.35 0.91 0.0875 -0.694167 -0.300833
-0.0775 -0.335 0.91 0.0891667 -0.708333 -0.289167
-0.1125 -0.325 0.91 0.0933333 -0.726667 -0.280833
-0.1525 -0.295 0.93 0.0866667 -0.750833 -0.2225
-0.1775 -0.285 0.92 0.0833333 -0.778333 -0.2425
-0.2075 -0.265 0.915 0.0791667 -0.795833 -0.2275
-0.2125 -0.27 0.91 0.0825 -0.800833 -0.249167
-0.2375 -0.25 0.915 0.075 -0.82 -0.2425
-0.2575 -0.215 0.935 0.0516667 -0.84 -0.201667
-0.2025 -0.275 0.925 0.0991667 -0.76 -0.1825
-0.2125 -0.255 0.95 0.0775 -0.806667 -0.1825
-0.2175 -0.255 0.925 0.085 -0.804167 -0.213333
-0.2375 -0.215 0.93 0.0658333 -0.845 -0.191667
-0.2625 -0.185 0.91 0.0491667 -0.863333 -0.188333
-0.2875 -0.15 0.935 0.0316667 -0.885 -0.185
-0.3025 -0.11 0.925 0.0108333 -0.895 -0.1625
-0.3125 -0.08 0.915 -0.000833333 -0.9075 -0.159167
-0.4225 -0.09 0.845 0.00333333 -0.9075 -0.161667
-0.4225 -0.19 0.9 0.0675 -0.894167 -0.145833
-0.3925 -0.26 0.855 0.0991667 -0.841667 -0.1875
-0.3725 -0.285 0.845 0.101667 -0.8225 -0.151667
-0.3675 -0.29 0.845 0.113333 -0.8225 -0.154167
-0.3375 -0.335 0.85 0.130833 -0.7925 -0.173333
-0.1875 -0.345 0.915 0.134167 -0.751667 -0.169167
-0.1775 -0.35 0.925 0.135833 -0.738333 -0.166667
-0.1375 -0.375 0.89 0.139167 -0.715 -0.184167
-0.1075 -0.39 0.9 0.1475 -0.69 -0.200833
-0.0675 -0.395 0.915 0.1425 -0.6725 -0.229167
-0.0675 -0.39 0.91 0.135 -0.67 -0.184167
-0.0325 -0.38 0.91 0.1275 -0.649167 -0.215
0.0075 -0.34 0.925 0.110833 -0.645 -0.181667
0.0325 -0.34 0.935 0.1075 -0.645 -0.213333
0.0375 -0.325 0.95 0.0975 -0.64 -0.160833
0.0725 -0.25 0.95 0.0725 -0.6375 -0.155833
0.1025 -0.25 0.925 0.0591667 -0.624167 -0.161667
0.0975 -0.225 0.965 0.0466667 -0.624167 -0.1
0.1175 -0.23 0.945 0.0416667 -0.625833 -0.125833
0.1375 -0.215 0.96 0.0258333 -0.631667 -0.1125
0.1375 -0.21 0.94 0.0275 -0.6275 -0.1125
