-13.7,4.6,11.5,-0.149,-1.022,0.26
-13.6,4.6,11.2,-0.15,-1.018,0.259
-14.5,4.9,10.3,-0.15,-0.995,0.268
-14.2,4.8,10.2,-0.151,-0.959,0.269
-14.5,4.8,10.2,-0.159,-1.001,0.275
-14.6,4.9,10.1,-0.153,-1.004,0.273
-14.7,4.8,9.4,-0.163,-1.012,0.274
-15.3,5.1,8.3,-0.172,-1.014,0.292
-15.6,5.1,7.8,-0.184,-1.009,0.299
-15.8,4.2,7.4,-0.165,-1.007,0.278
-15.9,3.7,7.5,-0.16,-1.011,0.267
-16,2.8,7.4,-0.145,-1.013,0.238
-16.1,2.1,7.7,-0.131,-1.022,0.218
-16.3,1.4,7.3,-0.111,-1.029,0.191
-16.4,0.7,7.1,-0.084,-1.039,0.169
-16.3,0.2,7.2,-0.074,-1.05,0.15
-16.3,-0.4,7.1,-0.064,-1.048,0.131
-16.4,-1.2,7.5,-0.042,-1.053,0.108
-16.3,-1.7,6.8,-0.035,-1.057,0.087
-16.3,-2,7.3,-0.03,-1.057,0.078
-16.3,-2,7.3,-0.03,-1.057,0.078
-16,-3,7.4,0.021,-0.978,-0.042
-16,-2.5,7.3,0.013,-0.955,-0.035
-15.9,-1.5,7.7,-0.009,-0.934,-0.011
-16.1,-0.2,7.8,-0.026,-0.924,0.031
-15.9,1,7.6,-0.058,-0.909,0.08
-16,1.6,7.8,-0.067,-0.91,0.115
-16,1.9,7.7,-0.071,-0.902,0.12
-15.9,2.4,8.2,-0.086,-0.902,0.14
-15.7,2.7,7.5,-0.091,-0.896,0.15
-15.7,3.3,7.8,-0.109,-0.892,0.172
-15.6,3.6,7.9,-0.115,-0.889,0.188
-15.5,4.2,8.3,-0.133,-0.887,0.214
-15.2,4.8,7.5,-0.139,-0.882,0.232
-15.2,4.8,8.2,-0.143,-0.884,0.239
-15.2,4.8,8.3,-0.141,-0.882,0.238
-14.9,4.7,8.7,-0.14,-0.884,0.235
-14.8,4.7,9.7,-0.143,-0.895,0.243
-14.6,4.6,9.9,-0.134,-0.89,0.236
-14.3,4.5,10.2,-0.137,-0.887,0.235
-14.2,4.6,10.3,-0.131,-0.892,0.239
-14,4.4,10.7,-0.128,-0.907,0.222
-13.9,4.4,11.4,-0.12,-0.918,0.225
-13.8,4.4,11.2,-0.123,-0.903,0.229
-13.7,4.4,11.5,-0.124,-0.919,0.226
-13.3,4.2,11.7,-0.116,-0.917,0.218
-12.9,4.2,12.3,-0.12,-0.921,0.22
-12.7,4,12.8,-0.118,-0.929,0.206
-12.5,4,12.8,-0.108,-0.936,0.202
-12.3,3.8,13.2,-0.111,-0.937,0.192
-12.2,3.9,13.4,-0.108,-0.949,0.197
-11.7,3.7,13.6,-0.108,-0.934,0.191
-11.4,3.5,14.6,-0.103,-0.955,0.178
-10.8,3.4,14.5,-0.098,-0.946,0.177
-10.5,3.3,14.7,-0.09,-0.947,0.172
-10.1,3.2,15.6,-0.093,-0.958,0.162
-9.7,3,16.1,-0.081,-0.955,0.153
-9.3,3,16,-0.074,-0.948,0.15
-8.7,2.8,16.1,-0.065,-0.934,0.135
-8.1,2.6,17.2,-0.064,-0.937,0.126
-7.7,2.5,17.2,-0.06,-0.935,0.126
-7,2.3,17.7,-0.048,-0.935,0.108
-6.4,2.1,17.6,-0.045,-0.918,0.094
-6.2,2,17.8,-0.039,-0.918,0.089
-6.1,2,18.2,-0.036,-0.919,0.088
-5.8,1.9,18,-0.035,-0.897,0.084
-5.9,2,18,-0.032,-0.918,0.089
-5.5,1.8,18.5,-0.036,-0.899,0.081
-5.1,1.6,18,-0.03,-0.887,0.071
-5.2,1.7,18.1,-0.027,-0.908,0.071
-5.2,1.9,18.4,-0.033,-0.908,0.074
-5,2.1,18.1,-0.036,-0.909,0.076
-4.9,2.4,18.4,-0.037,-0.913,0.092
-4.8,2.5,18.5,-0.045,-0.915,0.102
-4.7,2.9,17.9,-0.046,-0.912,0.114
-4.6,2.9,18.1,-0.05,-0.915,0.115
-4.6,2.9,17.9,-0.047,-0.915,0.108
-4.5,3.1,18.4,-0.059,-0.915,0.125
-4.5,3.2,18.1,-0.056,-0.919,0.128
-4.4,3.3,18.5,-0.06,-0.918,0.13
-4.3,3.5,18,-0.063,-0.918,0.139
-4.2,3.6,18,-0.063,-0.923,0.149
-4.2,3.7,18.2,-0.068,-0.921,0.143
-4.1,3.8,18.1,-0.068,-0.921,0.148
-4,4,18.3,-0.074,-0.921,0.147
-3.9,4,17.9,-0.073,-0.923,0.143
-3.9,4.2,18.3,-0.081,-0.931,0.162
-3.6,4.5,18,-0.084,-0.931,0.17
-3.7,4.5,17.9,-0.099,-0.947,0.173
-4.2,5,17.5,-0.113,-0.968,0.188
-4.4,5.3,17.7,-0.126,-0.957,0.195
-4.8,5.7,17.1,-0.137,-0.982,0.205
-5.4,6.3,17.1,-0.161,-0.993,0.223
-5.8,7.1,16.3,-0.186,-1.01,0.275
-6.3,7.5,16.3,-0.198,-1.011,0.294
-6.7,7.8,15.6,-0.208,-1.003,0.296
-6.8,8,15.3,-0.209,-1.008,0.302
-7.1,8.2,15.3,-0.221,-1.012,0.304
-7.2,8.5,14.6,-0.234,-1.003,0.323
-7.6,9.1,14.7,-0.253,-1.016,0.355
-7.6,9,14.2,-0.251,-1.006,0.345
-8.1,9.4,13.8,-0.27,-1.011,0.356
-8.3,9.7,13.7,-0.271,-1.016,0.368
-8.5,9.8,13.2,-0.282,-1.006,0.374
-8.6,10.1,12.3,-0.287,-1.008,0.384
-8.9,10.5,12.3,-0.306,-1.008,0.403
-9.2,10.8,11.6,-0.316,-1.001,0.42
-9.5,11,11.2,-0.319,-1.006,0.424
-9.6,11.2,11,-0.335,-0.991,0.443
-9.6,11.2,11,-0.33,-0.991,0.435
-9.9,11.5,10.7,-0.344,-0.982,0.452
-9.9,11.5,10.3,-0.34,-0.977,0.451
-10.2,11.9,9.4,-0.35,-0.925,0.475
-11.1,11.3,8.9,-0.314,-0.829,0.514
-11.5,10.9,8.7,-0.304,-0.829,0.506
-11.7,10.5,8.8,-0.292,-0.837,0.486
-12.2,10,8.8,-0.28,-0.842,0.487
-12.5,9.5,8.8,-0.276,-0.843,0.462
-12.8,9.1,9.1,-0.262,-0.853,0.459
-13.1,8.4,9,-0.249,-0.854,0.43
-13.4,8.1,9,-0.248,-0.863,0.441
-13.8,8,8.3,-0.249,-0.891,0.405
-13.8,8.1,8.1,-0.255,-0.883,0.405
-14.1,8.4,7.4,-0.261,-0.892,0.436
-14.3,8.2,6.6,-0.271,-0.888,0.413
-14.4,8.4,5.9,-0.277,-0.867,0.422
-14.6,8.6,5.4,-0.298,-0.872,0.457
-14.7,8.5,4.5,-0.281,-0.858,0.427
-14.9,8.5,4.3,-0.286,-0.86,0.427
-14.9,8.6,3.6,-0.285,-0.84,0.43
-15,8.7,3.7,-0.293,-0.832,0.445
-15.1,8.7,2.4,-0.282,-0.793,0.447
-15.2,8.3,2.1,-0.281,-0.797,0.435
-15.5,7.8,1.9,-0.267,-0.794,0.416
-15.8,7.3,2.3,-0.262,-0.803,0.418
-16.1,6.8,2.2,-0.246,-0.811,0.402
-16.2,6.2,2.1,-0.23,-0.812,0.382
-16.5,5.4,2.2,-0.214,-0.819,0.343
-16.6,4.8,2.2,-0.19,-0.829,0.322
-16.8,4.2,2.4,-0.184,-0.834,0.312
-16.9,3.5,2.5,-0.181,-0.841,0.293
-17.1,2.8,2.3,-0.158,-0.858,0.26
-17.1,1.2,1.6,-0.123,-0.874,0.181
-17.1,-1.5,2.5,-0.044,-0.86,0.076
-16.8,-3,3,-0.012,-0.887,0.023
-16.6,-3.7,4,0.006,-0.896,-0.015
-16.5,-3.8,3.7,0.006,-0.923,0.001
