5
4.6
5
5
5
5
5
5
5
5
5
5
5
5
5
4.5
5
5
5
5
5.4
5
5
5
5
5
5
5
5
5
5
5
4.6
5
8
8.6
8.4
5
-11.4
5
12.3
12.9
5
5
5
5
7.3
5
-1.4
-2.1
0.3
1.8
3.3
5.5
6.9
7.3
7
7.4
7.3
7.3
7.2
5.9
4.7
-0.3
-2
-3.1
-3.9
5
5
8
5
5
5
5
5
5
5
5
5
3.8
1.8
5
5
5
5
5
5
5
5
5
5
5
5
5
5
5
5
5.1
5
5
5
5
4.7
4.4
4.6
5.1
4.9
5.1
4.5
4.1
5
5
4.9
5.6
5
5
5
5
5
5
5
5.1
4.9
5
5
5
5
5
5
5
5
5
5
5.3
5.3
5
5.5
5.3
5.4
5.4
5.2
5.5
5.1
5.2
5.1
5
5.2
4.9
5.2
5
5
5
5
5
5
5
5
5
4.1
5
5
5
5
5
5
5
5
4.2
5
5
5
5
5
-0.1
5
5.7
5
5
5
5
5
5
5
5
5
-0.5
5
5
5
5
5
5
5
5
5
5
5
5
5
5
4.9
5
5
5
5
5
5
5
5.5
5.8
5
5
5.4
5
5
5
5
5.6
5
5
5.3
5.3
5
5
5
4.5
5
5.3
5.5
5.4
5.3
5.2
5
4.7
4.9
4.8
5
5
4.7
5.2
4.6
5
4.9
5
5.6
5.7
5.7
5.4
5.3
5.4
5.1
5.3
5.3
5.4
5.6
4.8
5.3
4.6
4.6
3.9
3.4
3.4
3.6
3.8
3.3
2.8
3.5
5
5
5
5
5.2
5
5
5
4.9
5
5
5
5.2
5
5
5
5
4.7
5
4.3
5
5
5
5
5
5
5
5
5
1
5
5
5
5
5
4.6
4.6
5
4.6
5
5
5
5
5
5
5
5
5.2
5
5
5
5.3
5
5
5
5
5
5
5
4.2
5.2
5
4.6
4.5
4.5
4.4
5
5.3
5
5
4.8
4.8
5
5.7
5.3
5
5.3
5
5
4
5
5
5
5
5.4
5
4.8
5
5
5
5
4.6
5
4.5
5
5.3
5.2
5.4
5
5
5
4.9
4.5
5
5
5.3
5.2
5
5
5
5
5
5
4.8
5.1
5
5.3
5
5
5
5
5
5
5
5
5
5
5
5
5
5
5
5
5
5
5
5
5
5
5.1
5
5.2
5
5
5
5.2
5
5
5.5
5.8
5.6
5.3
5.1
5.7
5.2
5.5
5
5
5
5.1
5.5
5.4
4.9
5
5
5.5
5
5
5.5
5
4.8
3.5
5
5
5
5
4.8
5
5
5
5.6
5.3
5.6
5.6
5
5
5
5
5
5
5.3
5.3
5
5
5
5
5
5
5
5.9
5
5
5
5
5
4.4
5
5
5.7
5
5
5
5
5.5
5
5.7
5
5
4.6
4.7
5
5.1
5
5
5
4.6
4.7
5
4.7
5
5
5
4.6
5
5
5
5
5
5
5
5
5
4.9
5
5
5
3.6
5
5
5
5
5
5
5.7
5
5
5
5
5
5
5
5
5.3
5
