5
4.8
4.7
5.3
4.8
5
4.8
5
5.1
4.8
4.7
4.7
5
4.7
4.7
5
5
5.1
5
5
5.3
5
4.7
5.5
4.8
4.8
4.8
5
5
5
5
5
4.9
5
5
5
5
5
5
5
5
5
4
4.6
5.1
5
5
5
5
5
5
5
5
5
5
4.7
5
5
5
5
5
5
5
5
5
5
5
5
5
5
5
5
5
5
5
5
5
5
5
5.2
5.4
5
5.5
5.2
5.2
5
5.3
4.9
4.6
4.6
4.8
4.3
3.6
5
4.7
4.7
4.2
4.3
4.4
5
5
5
5
5
5
5
5
5
5
5
5
5
5
5
5
5
5
5
5
5
5
5
5
5
5
5
4.8
5.4
5.1
5.1
5.3
5.8
5.8
5.7
5.6
5.7
5.1
5.7
5.6
5.6
5.2
3.2
3.6
3.3
3.4
3.5
2.7
2.4
2.3
2.1
2
5
5
5
5
5
5
5
5
5
5
5
5
5
5.5
5
5
5
4.7
4.8
4.5
4.9
5
5
5
5
5
5
5
5
5
5
5
5
5
5
5
5
10.8
13.1
13.1
13.4
13.3
13.8
5
5
5
5
5
5
5
5.5
5.4
5.5
5
5
5.1
5
5.2
5.4
5.1
5
5
5
5
4.7
4.6
4.8
5
5
5
5.1
5.3
5
5
5
5
5
5
5.5
5.3
5.7
5.3
5.6
5.7
5.4
5.3
5.7
5.6
5.6
5.6
5
4.3
4.9
4.7
5.1
4.9
4.6
4.4
4.5
4.9
4.5
4.5
4
4.7
5
4.5
5
5.6
5.1
5.4
5.5
5.5
5
4.8
4.7
4.5
4.6
4.9
4.6
5
4.3
4.8
5
4.8
4.5
4.4
4.7
4.9
4.7
5
4.7
5.5
4.9
4.2
4.4
4.5
5
4.4
4.8
4.5
5
5
5.3
5
5
5
5
5
5
5
5
5
5
5
5
5
4.9
4.1
4.6
5
4.8
4.8
4.3
5
4.6
4.7
4.9
4.8
4.7
4.8
4.4
4.7
4.9
4.7
5
4.8
4.8
4.5
4.7
4.7
4.5
4.7
4.6
4.7
4.8
4.6
5
4.5
4.5
4.7
5
5
5
5
5
5
5
5
5
5
5
5
5
4.9
5.3
4.8
5
5
5
5
5
5
5
5
5.5
5.4
5.3
5.3
5.4
5.5
5.6
5.3
5.3
5.2
5.1
5.7
5.4
5.4
5.1
5.1
3.6
3.3
3.6
3.3
3.2
3.4
3.2
3.1
3.2
3.8
4
5.3
5.3
5.3
5.5
5.5
5.4
5.5
5.4
5.2
5.5
5.3
5.5
5.2
5.3
5.3
5.4
4.3
2
-1.1
-2.4
5
5
5
5
5
5.6
6.1
5.5
6.2
5.8
5
5
5
5
5
5
5
5
5
5
5
5.6
5.5
5.7
5
4.5
5.1
5
5.2
5.3
5
5
5
5
5
4.8
5.5
5.1
5.2
4.8
4.8
4.9
5.8
4.7
4.7
5
4.3
4.9
4.8
4.6
4.9
4.8
5
4.8
5
4.7
4.9
4.3
5
5
4.7
5.1
5.2
5
5.1
4.9
5.2
5.1
5
5
5.1
5
4.9
4.9
5.2
5.1
5
5
5.2
5.2
5
5
5
5
5
5
5
4.9
4.6
5.1
4.7
5.2
4.8
5.1
4.6
4.7
4.8
5
5
5.2
4.7
5.8
4.2
5
4.9
4.9
4.6
4.9
4.5
4.8
4.8
4.8
5.4
5
4.8
4.9
4.7
4.5
4.7
4.6
4.8
4.9
4.5
4.7
4.7
4.7
4.7
5.2
4.6
4.8
4.1
4.5
5
5
4.8
5.8
5.1
5
4.6
4.7
4.9
4.3
4.7
5.5
4.7
5
4.9
4.9
4.7
5
4.7
5.8
4.9
5.4
5
4.3
4.7
5
5
5.6
5
5.4
5
5.4
5
5
5
4.4
4.4
5
5
5
5
5
5
5
5
5
5
4.7
5.3
5.5
5
5
5
5
4.9
5
4.9
5
5.4
5
5.3
5
5
4.5
4.4
4.9
4.6
4.4
5
4.7
5.2
5.3
5.2
5.2
5
5.4
5.3
5.5
5.2
4.9
5
5.2
4.8
5
5.1
5.5
5
5.1
5
4.9
5.5
4.7
5.1
4.7
4.8
4
3.8
4.3
2.9
2.5
5
5.6
5.5
5.9
5.1
5
5
5
5
5
5
4.7
5.1
4.4
4.1
4.4
4.7
4.5
4.7
4.7
4.6
4.7
4.8
4.9
4.9
4.6
4.7
5
4.6
4.6
4.9
4.9
5.5
4.3
4.7
4.8
4.8
4.9
5
4.6
4.8
4.6
4.4
4.7
5
4.7
4.7
4.6
4.5
4.9
4.8
4.9
4.3
4.9
5.3
5
5
5
5
5
5
5
5
4.9
5
4.8
4.8
5
5.2
5.5
5.8
5.4
5.8
5
5
5.1
5.1
5
5.2
5.4
4.9
5.1
4.7
5.2
5
5.1
5.1
5
5.2
5
4.9
4.7
4.9
5
5
5
5
5
5
5.2
5.1
5.2
5.2
5.3
4.7
5.2
4.7
5.3
4.6
5
5
4.7
5
5.5
5.6
5
5
5
5
5
5
5
5
5.1
4.7
5.5
5.3
5.3
5.5
5.1
5.3
5
5
5
5
5.2
5
5
5.5
