-0.294653,-0.345594,0.436346,1.1686,-0.974466,1.58237,
-0.295637,-0.343542,0.435986,1.16167,-1.01161,1.54527,
-0.295461,-0.343639,0.436116,1.1692,-0.991462,1.56545,
-0.294399,-0.34625,0.436353,1.15989,-0.976275,1.57857,
-0.294164,-0.346082,0.436313,1.1918,-0.979551,1.58167,
-0.295345,-0.342569,0.436247,1.22346,-0.947125,1.61684,
-0.295624,-0.342361,0.436449,1.23307,-0.925669,1.62989,
-0.294452,-0.345425,0.437002,1.23976,-0.893245,1.65726,
-0.295655,-0.342529,0.436288,1.20902,-0.950566,1.60669,
-0.296088,-0.341421,0.436088,1.30418,-0.924211,1.64039,
-0.296398,-0.340326,0.435897,1.29108,-0.938526,1.62429,
-0.295728,-0.342035,0.436212,1.2924,-0.926031,1.63305,
-0.296048,-0.341197,0.436004,1.30633,-0.9349,1.62771,
-0.295591,-0.343207,0.43602,1.16025,-0.98464,1.57127,
-0.294339,-0.34641,0.436379,1.15378,-0.975957,1.57792,
-0.29482,-0.345549,0.435921,1.16636,-1.00858,1.54786,
-0.295918,-0.342087,0.435358,1.20023,-0.981786,1.57561,
-0.294284,-0.345953,0.4357,1.21962,-0.944055,1.61275,
-0.293947,-0.346669,0.435884,1.21422,-0.918355,1.63348,
-0.294542,-0.344112,0.435122,1.32412,-1.06467,1.51337,
-0.29482,-0.344443,0.435602,1.21954,-0.931567,1.6223,
-0.293681,-0.346916,0.435808,1.2357,-0.935498,1.62043,
-0.293651,-0.347108,0.435792,1.24356,-0.912589,1.64163,
-0.292348,-0.349624,0.435717,1.28958,-0.86494,1.6885,
-0.293099,-0.347347,0.435922,1.27958,-0.868511,1.69038,
-0.29402,-0.346439,0.435833,1.21433,-0.927594,1.6252,
-0.295685,-0.342005,0.435089,1.31119,-0.936469,1.62841,
-0.295256,-0.344662,0.435375,1.3273,-0.937032,1.64019,
-0.29509,-0.347039,0.435354,1.30871,-1.11933,1.46855,
-0.295821,-0.345635,0.435339,1.33013,-1.10178,1.4872,
-0.295619,-0.34628,0.435304,1.32691,-1.12619,1.46187,
-0.295035,-0.347134,0.435582,1.3228,-0.94242,1.63588,
-0.293828,-0.347441,0.436024,1.18968,-0.958156,1.59899,
-0.288148,-0.356534,0.433838,1.28088,-0.922894,1.63242,
-0.28733,-0.36645,0.432272,1.33162,-0.93868,1.64404,
-0.283606,-0.379857,0.429226,1.37257,-0.93539,1.6482,
-0.28104,-0.38683,0.427064,1.30638,-0.902643,1.67222,
-0.278437,-0.392945,0.425078,1.35263,-0.934596,1.64639,
-0.277559,-0.39406,0.423318,1.39544,-0.975087,1.60313,
-0.278199,-0.394047,0.422681,1.27581,-1.09898,1.4787,
-0.278351,-0.39445,0.422527,1.32029,-1.0585,1.52966,
-0.276576,-0.397276,0.422825,1.38079,-1.00683,1.57852,
-0.277925,-0.395726,0.423253,1.3213,-1.08686,1.49903,
-0.277506,-0.398315,0.423785,1.19993,-0.965176,1.59144,
-0.277514,-0.398463,0.423742,1.20309,-0.973207,1.58567,
-0.278558,-0.398862,0.423375,1.28688,-1.1125,1.476,
-0.277604,-0.401234,0.423954,1.31501,-1.0767,1.51203,
-0.27856,-0.397396,0.42386,1.31772,-0.926347,1.65202,
-0.279208,-0.395915,0.423585,1.34095,-0.963987,1.61956,
-0.279051,-0.395065,0.42388,1.32371,-0.935573,1.64321,
-0.276967,-0.394609,0.423649,1.39201,-0.951576,1.61994,
-0.277149,-0.394516,0.423601,1.38235,-0.961581,1.61354,
-0.278094,-0.394428,0.423513,1.35168,-0.968861,1.615,
-0.28307,-0.395719,0.423852,1.30409,-0.969337,1.6243,
-0.280831,-0.396452,0.423674,1.33007,-0.923503,1.65796,
-0.279745,-0.39874,0.424912,1.10829,-1.00038,1.55294,
-0.281401,-0.396516,0.424034,1.38081,-0.987834,1.60315,
-0.281601,-0.394227,0.423836,1.33116,-1.01662,1.57865,
-0.281842,-0.395026,0.424079,1.35199,-1.02128,1.57348,
-0.28202,-0.393997,0.424119,1.31697,-1.05529,1.54065,
-0.277516,-0.393154,0.423763,1.40424,-0.953462,1.6139,
-0.273067,-0.389953,0.422798,1.36748,-0.995707,1.55964,
-0.273387,-0.386906,0.420488,1.35199,-0.918957,1.60463,
-0.269415,-0.400641,0.423662,1.3915,-0.875029,1.65577,
-0.273246,-0.397571,0.422076,1.14038,-0.948742,1.55905,
-0.274003,-0.405312,0.422021,1.41613,-0.90272,1.62714,
-0.27821,-0.405317,0.418161,1.35348,-0.947977,1.61472,
-0.281137,-0.401939,0.418804,1.35037,-0.962293,1.60122,
-0.280175,-0.405567,0.422351,1.37488,-0.936353,1.63507,
-0.28387,-0.395804,0.423711,1.22827,-0.942883,1.61759,
-0.282678,-0.390024,0.424943,1.34416,-0.947887,1.62104,
-0.286402,-0.390651,0.425529,1.18278,-1.00744,1.5484,
-0.290147,-0.388266,0.426733,1.28187,-0.968549,1.61622,
-0.289976,-0.386042,0.427907,1.20169,-0.964062,1.59518,
-0.290856,-0.387579,0.427444,1.23837,-0.945853,1.63037,
-0.290879,-0.386698,0.42713,1.2778,-0.95874,1.62802,
-0.289803,-0.389775,0.427724,1.26403,-0.952805,1.63068,
-0.290428,-0.387195,0.427303,1.29539,-0.937833,1.65014,
-0.288987,-0.391529,0.427966,1.32122,-0.948036,1.63881,
-0.292908,-0.385653,0.427973,1.30152,-0.979717,1.61599,
-0.292473,-0.387977,0.428094,1.28893,-0.925722,1.6594,
-0.292843,-0.386004,0.427982,1.2887,-0.954721,1.63735,
-0.293387,-0.384773,0.428253,1.27537,-1.03668,1.56187,
-0.293256,-0.385275,0.429101,1.28022,-0.93079,1.65758,
-0.29411,-0.383306,0.428505,1.28356,-0.971541,1.62269,
-0.293667,-0.38436,0.428695,1.28911,-0.958633,1.63385,
-0.29477,-0.38485,0.428439,1.29015,-1.00481,1.59415,
-0.295355,-0.384857,0.428581,1.27525,-0.951249,1.64632,
-0.295495,-0.386106,0.42886,1.31245,-0.960645,1.64227,
-0.295088,-0.385781,0.428546,1.28176,-0.961367,1.63846,
-0.294717,-0.386131,0.428154,1.28071,-0.961314,1.63707,
-0.294454,-0.386605,0.42798,1.28187,-0.928206,1.66425,
-0.294958,-0.387341,0.427574,1.28136,-0.978317,1.62323,
-0.294631,-0.388424,0.427657,1.30646,-0.966797,1.63579,
-0.295154,-0.386534,0.427137,1.31279,-0.976471,1.6292,
-0.294293,-0.386556,0.42657,1.29359,-0.980338,1.62027,
-0.294112,-0.387998,0.427041,1.28068,-0.955418,1.64306,
-0.296539,-0.38875,0.426882,1.30365,-0.998958,1.60622,
-0.302307,-0.395192,0.426661,1.28342,-0.94152,1.67709,
-0.31321,-0.402304,0.424403,1.27694,-1.01141,1.64176,
-0.318707,-0.406043,0.424008,1.28888,-1.02275,1.65375,
-0.324041,-0.413866,0.423294,1.3148,-1.03708,1.65768,
-0.330754,-0.414914,0.421899,1.25532,-1.0784,1.63054,
-0.33552,-0.41789,0.421311,1.28041,-1.03547,1.691,
-0.335045,-0.415712,0.421797,1.27673,-1.07385,1.65112,
-0.338506,-0.416499,0.421116,1.26829,-1.06423,1.67024,
-0.338864,-0.415503,0.422285,1.27852,-1.10545,1.6324,
-0.337468,-0.416767,0.4229,1.27918,-1.05226,1.68388,
-0.338561,-0.413952,0.422768,1.26732,-1.06031,1.67455,
-0.338336,-0.414162,0.422899,1.28677,-1.04214,1.69206,
-0.339395,-0.415313,0.42264,1.24974,-1.06797,1.66704,
-0.341153,-0.415441,0.422769,1.24179,-1.0651,1.67257,
-0.342049,-0.416848,0.422493,1.24982,-1.0921,1.65319,
-0.342447,-0.416112,0.422517,1.24543,-1.07963,1.66832,
-0.342927,-0.415222,0.422644,1.24471,-1.07205,1.6755,
-0.341253,-0.415946,0.422578,1.25876,-1.08477,1.6614,
-0.337602,-0.412902,0.422841,1.28057,-1.07758,1.66112,
-0.330219,-0.40893,0.42418,1.29001,-0.989534,1.72599,
-0.31188,-0.400431,0.426248,1.33614,-0.904546,1.75298,
-0.28815,-0.387997,0.427117,1.35346,-0.892172,1.69817,
-0.262473,-0.374258,0.427349,1.39915,-0.863588,1.65436,
-0.240077,-0.365752,0.426857,1.40797,-0.80683,1.62079,
-0.23246,-0.360225,0.42639,1.40383,-0.782926,1.61621,
-0.237747,-0.360964,0.427134,1.39764,-0.811544,1.60674,
-0.238312,-0.359496,0.427101,1.40043,-0.80983,1.61481,
-0.238854,-0.360519,0.427506,1.41552,-0.832773,1.59868,
-0.238326,-0.360378,0.427622,1.41281,-0.820419,1.60897,
-0.235341,-0.358679,0.427291,1.41241,-0.799987,1.61591,
-0.230463,-0.35611,0.426984,1.43552,-0.792556,1.60281,
-0.231153,-0.356521,0.426935,1.43241,-0.789717,1.60599,
-0.231498,-0.356165,0.42735,1.42358,-0.777848,1.61272,
-0.232924,-0.35671,0.427579,1.4239,-0.781828,1.61606,
-0.234599,-0.356508,0.42815,1.41959,-0.785158,1.61401,
-0.234311,-0.357836,0.428184,1.42246,-0.786562,1.61275,
-0.238072,-0.358016,0.428444,1.41575,-0.801019,1.61292,
-0.240552,-0.358487,0.428898,1.41211,-0.801284,1.62199,
-0.239991,-0.358789,0.429109,1.41271,-0.805492,1.61917,
-0.240378,-0.35959,0.429295,1.41615,-0.807092,1.61914,
-0.240971,-0.358575,0.429382,1.41074,-0.810375,1.61401,
-0.24139,-0.358582,0.429845,1.39142,-0.799671,1.6231,
-0.242475,-0.358315,0.430073,1.38401,-0.799916,1.62337,
-0.243212,-0.35687,0.42988,1.39782,-0.811239,1.61443,
-0.243129,-0.357218,0.429908,1.40151,-0.810136,1.61609,
-0.243177,-0.357889,0.429827,1.40196,-0.809611,1.61568,
-0.242979,-0.358458,0.429753,1.40051,-0.812748,1.61422,
-0.243062,-0.358185,0.429649,1.41022,-0.817095,1.61272,
-0.243173,-0.35787,0.429555,1.40321,-0.815885,1.61246,
-0.24306,-0.357508,0.429811,1.39569,-0.806574,1.6175,
-0.242914,-0.362168,0.430235,1.3902,-0.791934,1.64379,
-0.244242,-0.366487,0.429009,1.38326,-0.810063,1.63593,
-0.244479,-0.373148,0.426733,1.38503,-0.821827,1.63341,
-0.245922,-0.381835,0.422982,1.40894,-0.897417,1.58243,
-0.245029,-0.395325,0.420138,1.43024,-0.874435,1.61302,
-0.244761,-0.403665,0.415429,1.37977,-0.871216,1.60661,
-0.246017,-0.4163,0.413636,1.44585,-0.897282,1.60152,
-0.250556,-0.410203,0.413192,1.40374,-0.962348,1.5612,
-0.248281,-0.421456,0.416285,1.50935,-0.923543,1.59415,
-0.252847,-0.410959,0.414978,1.40136,-0.96365,1.55941,
-0.255263,-0.408054,0.414574,1.3233,-0.933449,1.58788,
-0.253825,-0.415991,0.415461,1.42566,-1.03788,1.50147,
-0.256731,-0.408659,0.41465,1.37965,-0.976662,1.56898,
-0.254456,-0.417203,0.417279,1.41772,-0.911826,1.61532,
-0.257631,-0.41132,0.416463,1.38074,-0.903148,1.62999,
-0.258297,-0.409483,0.416511,1.41037,-0.97546,1.57716,
-0.256681,-0.417365,0.418916,1.41502,-0.951148,1.58644,
-0.259009,-0.412723,0.418166,1.37055,-0.900457,1.64139,
-0.258951,-0.413079,0.418315,1.39943,-0.895934,1.63939,
-0.26001,-0.409939,0.418105,1.4127,-0.957349,1.59212,
-0.259834,-0.410593,0.418407,1.42825,-0.973541,1.58244,
-0.259679,-0.411185,0.418477,1.42941,-0.96886,1.58473,
-0.258103,-0.421074,0.420891,1.01891,-1.00403,1.49811,
-0.259197,-0.414182,0.420293,1.3627,-0.885968,1.64014,
-0.26086,-0.413032,0.419754,1.42248,-0.920405,1.62438,
-0.260653,-0.413146,0.420493,1.29483,-0.848431,1.68309,
-0.26166,-0.410743,0.420084,1.44146,-0.972139,1.58549,
-0.26321,-0.411055,0.421259,1.2414,-0.923705,1.62653,
-0.263836,-0.409485,0.421303,1.39812,-0.91944,1.62456,
-0.263959,-0.409225,0.421223,1.41663,-0.932948,1.61164,
-0.263694,-0.410285,0.421679,1.44755,-0.97476,1.58395,
-0.262397,-0.406543,0.422865,1.44836,-0.90024,1.63008,
-0.261144,-0.408985,0.425071,1.05726,-1.02947,1.47347,
-0.260606,-0.408188,0.42486,1.4087,-0.91289,1.61835,
-0.261044,-0.40782,0.424641,1.38347,-0.955559,1.58705,
-0.259029,-0.408483,0.424934,1.35812,-0.929721,1.6036,
-0.256138,-0.396829,0.422341,1.3335,-0.920093,1.59846,
-0.249887,-0.395206,0.421907,1.37598,-0.918938,1.56872,
-0.242712,-0.393093,0.421948,1.40804,-0.872515,1.5942,
-0.237929,-0.394619,0.42229,1.43047,-0.852416,1.58537,
-0.239499,-0.391384,0.42072,1.41921,-0.866603,1.5646,
-0.241006,-0.391285,0.420323,1.44168,-0.868455,1.56383,
-0.25455,-0.394272,0.423425,1.50086,-0.876936,1.61573,
-0.278262,-0.391738,0.426193,1.32083,-0.860984,1.68345,
-0.287243,-0.383059,0.427337,1.26107,-0.940987,1.61849,
-0.290535,-0.378065,0.427033,1.30185,-0.989489,1.58859,
-0.303318,-0.373997,0.428745,1.24282,-0.998413,1.60375,
-0.305235,-0.371893,0.42937,1.28067,-1.04999,1.56872,
-0.305897,-0.367888,0.430712,1.20052,-1.00924,1.59251,
-0.305459,-0.364058,0.432176,1.21851,-0.993539,1.60676,
-0.304153,-0.363138,0.432332,1.26421,-0.976008,1.62295,
-0.304713,-0.362768,0.433006,1.3066,-0.980714,1.62246,
-0.304724,-0.360596,0.433664,1.21631,-0.996968,1.59889,
-0.304546,-0.359004,0.433729,1.2046,-0.998864,1.59342,
-0.304412,-0.359341,0.433676,1.23009,-0.987922,1.60783,
-0.303754,-0.357891,0.433637,1.24413,-1.0027,1.59073,
-0.304865,-0.355114,0.434233,1.31018,-0.973464,1.62303,
-0.304639,-0.35601,0.434996,1.2252,-1.01601,1.57711,
-0.304195,-0.354984,0.435925,1.21551,-0.950033,1.63375,
-0.303821,-0.355423,0.436001,1.23036,-0.935725,1.64875,
-0.305659,-0.354153,0.435295,1.28582,-1.02627,1.57355,
-0.305248,-0.354356,0.435431,1.29692,-1.01742,1.58028,
-0.305072,-0.354449,0.435845,1.29976,-0.955092,1.63712,
-0.306018,-0.355376,0.435812,1.21527,-0.966384,1.62206,
-0.305845,-0.356572,0.435572,1.1971,-0.987251,1.60208,
-0.305753,-0.357189,0.435525,1.20957,-0.987513,1.60322,
-0.307369,-0.354688,0.435522,1.26036,-0.966101,1.63104,
-0.307559,-0.354391,0.435373,1.25854,-0.989191,1.61011,
-0.306203,-0.35661,0.435965,1.2343,-0.96188,1.62872,
-0.305963,-0.356505,0.436061,1.23185,-0.953126,1.63414,
-0.305057,-0.356612,0.436474,1.2744,-0.898777,1.6881,
-0.305565,-0.35865,0.43657,1.27991,-0.940335,1.65315,
-0.309391,-0.355527,0.435967,1.26494,-0.954195,1.64761,
-0.310675,-0.349237,0.436522,1.25103,-0.95623,1.64888,
-0.313288,-0.343135,0.436964,1.25126,-0.960891,1.64573,
-0.31652,-0.332916,0.439432,1.20351,-0.955781,1.64357,
-0.314867,-0.325726,0.440767,1.21245,-0.944177,1.64174,
-0.31463,-0.323358,0.442313,1.21207,-0.905447,1.67485,
-0.317286,-0.319889,0.442859,1.23357,-0.943358,1.64831,
-0.316342,-0.321734,0.444019,1.20649,-0.889965,1.68533,
-0.316697,-0.32207,0.443853,1.22836,-0.876746,1.70328,
-0.317086,-0.321925,0.443861,1.22385,-0.871984,1.70782,
-0.317826,-0.323118,0.443356,1.18759,-0.92125,1.6662,
-0.318272,-0.321629,0.443366,1.20032,-0.901892,1.68295,
-0.319628,-0.319218,0.442911,1.2171,-0.92022,1.67002,
-0.318555,-0.322191,0.443234,1.21378,-0.914432,1.67674,
-0.317687,-0.322861,0.443468,1.20296,-0.908562,1.67738,
-0.317607,-0.323782,0.443704,1.20667,-0.895207,1.68951,
-0.318005,-0.322644,0.443436,1.20288,-0.90648,1.68025,
-0.3177,-0.322617,0.443553,1.2104,-0.899153,1.68558,
-0.318585,-0.320787,0.443133,1.20076,-0.911298,1.67744,
-0.318578,-0.321803,0.442898,1.19906,-0.929799,1.66295,
-0.319425,-0.319861,0.442674,1.2077,-0.941559,1.65341,
-0.318973,-0.321579,0.442716,1.22838,-0.944693,1.65109,
-0.319389,-0.32098,0.442774,1.21674,-0.936056,1.65876,
-0.319111,-0.320665,0.442578,1.20097,-0.944944,1.65043,
-0.318601,-0.321533,0.442641,1.17863,-0.934441,1.65624,
-0.317883,-0.323385,0.443216,1.18871,-0.923542,1.66612,
-0.317855,-0.323426,0.443047,1.18044,-0.936788,1.65297,
-0.317796,-0.322254,0.442888,1.20443,-0.921141,1.67162,
-0.318548,-0.322006,0.442772,1.19318,-0.937301,1.65583,
-0.317647,-0.32481,0.442772,1.2071,-0.933212,1.66076,
-0.317943,-0.323399,0.44263,1.19546,-0.921167,1.66982,
-0.318246,-0.322861,0.442447,1.19714,-0.936648,1.65564,
-0.317189,-0.325168,0.44275,1.1804,-0.935499,1.65219,
-0.317226,-0.324107,0.442381,1.20341,-0.913463,1.67324,
-0.316203,-0.327501,0.442777,1.19237,-0.922151,1.66269,
-0.317051,-0.324399,0.442146,1.21245,-0.915335,1.67119,
-0.316192,-0.327371,0.442366,1.20976,-0.891329,1.69206,
-0.316677,-0.324682,0.441829,1.24372,-0.888558,1.69906,
-0.315603,-0.329667,0.442257,1.24014,-0.877829,1.71019,
-0.317975,-0.32359,0.441183,1.23193,-0.911178,1.68238,
-0.318428,-0.324468,0.441188,1.23271,-0.922338,1.67433,
-0.31859,-0.323726,0.441223,1.24077,-0.915795,1.68089,
-0.318475,-0.323344,0.440656,1.2196,-0.951824,1.64435,
-0.317022,-0.326202,0.441094,1.21101,-0.932992,1.6612,
-0.318647,-0.322737,0.440728,1.22272,-0.94682,1.65027,
-0.318927,-0.32191,0.440544,1.22454,-0.952121,1.6451,
-0.317889,-0.324322,0.440817,1.22305,-0.930646,1.66571,
-0.317801,-0.324655,0.440948,1.22306,-0.927803,1.66826,
-0.317845,-0.325028,0.440071,1.23814,-0.954252,1.64353,
-0.317669,-0.327823,0.440484,1.22966,-0.937173,1.66141,
-0.316193,-0.328211,0.440542,1.23046,-0.924113,1.67241,
-0.315542,-0.3273,0.440803,1.24091,-0.935052,1.66248,
-0.314178,-0.328607,0.441772,1.24971,-0.896515,1.69285,
-0.313434,-0.326674,0.440506,1.24092,-0.913849,1.67091,
-0.312073,-0.329146,0.441011,1.26821,-0.933925,1.65269,
-0.310122,-0.331566,0.440918,1.23635,-0.883666,1.69853,
-0.311308,-0.32613,0.441878,1.26471,-0.882526,1.70363,
-0.312327,-0.327267,0.441217,1.21823,-0.911518,1.67577,
-0.311351,-0.32855,0.440914,1.22092,-0.885799,1.69385,
-0.311294,-0.330076,0.440491,1.24957,-0.885952,1.70013,
-0.311347,-0.330387,0.440139,1.24593,-0.884559,1.7027,
-0.311718,-0.329776,0.44011,1.25625,-0.883971,1.70197,
-0.313135,-0.326792,0.439261,1.25493,-0.933972,1.65646,
-0.311569,-0.329953,0.439769,1.25049,-0.9049,1.68483,
-0.312784,-0.327166,0.439219,1.26546,-0.934548,1.6593,
-0.313825,-0.324463,0.438494,1.25147,-0.975214,1.62206,
-0.313016,-0.326114,0.438719,1.24471,-0.949954,1.64719,
-0.313715,-0.324672,0.438604,1.25826,-0.95978,1.63668,
-0.313581,-0.325385,0.438445,1.25363,-0.958979,1.63833,
-0.312679,-0.327461,0.43859,1.25545,-0.938678,1.65695,
-0.312572,-0.328126,0.438244,1.26641,-0.909687,1.6777,
-0.311243,-0.333769,0.438664,1.25773,-0.876249,1.7086,
-0.310999,-0.333543,0.437169,1.25427,-0.955986,1.64256,
-0.308509,-0.341224,0.43697,1.25803,-0.906041,1.68278,
-0.301836,-0.359192,0.433011,1.29393,-0.895355,1.69374,
-0.290711,-0.375971,0.425574,1.33986,-1.0317,1.56257,
-0.278979,-0.399076,0.419484,1.39805,-0.974136,1.60822,
-0.275645,-0.415874,0.412986,1.35778,-0.95989,1.61987,
-0.277277,-0.427091,0.408686,1.38139,-1.01356,1.58792,
-0.280045,-0.425711,0.409,1.34841,-1.03414,1.57178,
-0.278896,-0.430799,0.409375,1.42556,-1.01914,1.58677,
-0.282784,-0.4283,0.40891,1.35961,-1.05487,1.56559,
-0.281967,-0.432167,0.409871,1.39539,-1.01991,1.59226,
-0.284366,-0.428837,0.409049,1.37105,-1.04321,1.57936,
-0.286017,-0.429865,0.409596,1.38167,-1.04989,1.57464,
-0.287452,-0.427883,0.409988,1.35123,-1.03238,1.58984,
-0.287697,-0.429273,0.409949,1.33764,-1.06034,1.56506,
-0.289263,-0.426904,0.410863,1.34049,-1.04717,1.5807,
-0.289539,-0.428859,0.410925,1.36276,-1.04954,1.58099,
-0.291274,-0.427162,0.410979,1.32015,-1.07019,1.56367,
-0.291688,-0.427787,0.411716,1.37593,-1.04233,1.59277,
-0.293223,-0.428188,0.411699,1.37635,-1.05034,1.59104,
-0.294133,-0.42696,0.41227,1.36231,-1.03462,1.60673,
-0.296154,-0.426106,0.412631,1.35153,-1.041,1.60224,
-0.29702,-0.42731,0.413004,1.34724,-1.06835,1.57893,
-0.298094,-0.426161,0.413121,1.3195,-1.03443,1.61007,
-0.298886,-0.424759,0.413465,1.31176,-1.02159,1.62441,
-0.299864,-0.425452,0.413835,1.30848,-1.07891,1.57524,
-0.30049,-0.425398,0.413953,1.3321,-1.05566,1.59874,
-0.300729,-0.426276,0.414168,1.33827,-1.06741,1.58977,
-0.301505,-0.425369,0.413696,1.32957,-1.07082,1.58823,
-0.301767,-0.424807,0.413821,1.30625,-1.08033,1.57806,
-0.302182,-0.425367,0.413681,1.33417,-1.06781,1.59391,
-0.303422,-0.425328,0.413773,1.28932,-1.07435,1.58842,
-0.302417,-0.424951,0.414331,1.30715,-1.07314,1.58776,
-0.302224,-0.425467,0.414174,1.31392,-1.08487,1.57642,
-0.302553,-0.425847,0.414283,1.33908,-1.0614,1.60081,
-0.302511,-0.425675,0.414281,1.33916,-1.06675,1.59604,
-0.302561,-0.425957,0.414128,1.3247,-1.07555,1.58538,
-0.30199,-0.428184,0.414665,1.31226,-1.07417,1.58754,
-0.303276,-0.42542,0.41396,1.28614,-1.08155,1.58157,
-0.303898,-0.425325,0.413577,1.30543,-1.07503,1.59124,
-0.304248,-0.425136,0.413692,1.32315,-1.09551,1.57323,
-0.304131,-0.426488,0.413864,1.33838,-1.07946,1.59014,
-0.303539,-0.42503,0.414057,1.28967,-1.0757,1.58884,
-0.303165,-0.426374,0.414371,1.26951,-1.0568,1.60506,
-0.301888,-0.423733,0.414438,1.30887,-1.06417,1.59655,
-0.30127,-0.422797,0.414329,1.31445,-1.03859,1.61399,
-0.301378,-0.422728,0.414457,1.31995,-1.04687,1.60726,
-0.296936,-0.417143,0.414967,1.27759,-1.04634,1.59263,
-0.286981,-0.406655,0.41609,1.31015,-1.04449,1.57226,
-0.277177,-0.403964,0.418378,1.15931,-0.987599,1.57685,
-0.275333,-0.401615,0.418257,1.36467,-1.01247,1.5767,
-0.271357,-0.39906,0.419347,1.20815,-0.98021,1.57145,
-0.269915,-0.398445,0.419707,1.44386,-0.928484,1.62166,
-0.271198,-0.399268,0.420596,1.26386,-0.899374,1.64897,
-0.271006,-0.398571,0.419946,1.35405,-1.10657,1.46841,
-0.272432,-0.396419,0.420464,1.21646,-0.948768,1.60345,
-0.27007,-0.402259,0.42089,1.39508,-1.00879,1.55842,
-0.272064,-0.397714,0.420643,1.45567,-0.970017,1.59546,
-0.271145,-0.395034,0.421006,1.43761,-0.966405,1.58871,
-0.270126,-0.392766,0.421426,1.33341,-0.871713,1.66756,
-0.271025,-0.390528,0.42068,1.29242,-0.898876,1.64679,
-0.272963,-0.395169,0.420411,1.44801,-0.990528,1.57196,
-0.29311,-0.398718,0.419898,1.21256,-1.02787,1.57495,
-0.296455,-0.399732,0.419352,1.30081,-1.03529,1.58922,
-0.297414,-0.398235,0.421112,1.31757,-1.00992,1.61901,
-0.303179,-0.397896,0.421425,1.26221,-1.03043,1.60302,
-0.306562,-0.397825,0.422205,1.34565,-0.97337,1.67345,
-0.307561,-0.392033,0.423616,1.27686,-0.967877,1.67388,
-0.309068,-0.38727,0.424948,1.3018,-0.953454,1.69324,
-0.310514,-0.38458,0.425522,1.28175,-1.07071,1.5837,
-0.31002,-0.381616,0.426094,1.31171,-0.972496,1.67273,
-0.310542,-0.380682,0.426736,1.25578,-0.987598,1.64998,
-0.3101,-0.378013,0.426954,1.27448,-0.976044,1.663,
-0.309276,-0.378925,0.427529,1.3087,-0.964524,1.67407,
-0.310961,-0.376854,0.427696,1.28161,-0.997029,1.64198,
-0.311125,-0.37591,0.427728,1.2779,-0.972358,1.66567,
-0.311238,-0.377179,0.427624,1.29196,-0.991,1.6523,
-0.311149,-0.376265,0.427558,1.28721,-0.997464,1.64403,
-0.311337,-0.377253,0.427546,1.29881,-0.970762,1.67289,
-0.310795,-0.378838,0.427841,1.29936,-0.965186,1.67939,
-0.311691,-0.377835,0.427957,1.27149,-0.98174,1.66005,
-0.311784,-0.376812,0.428063,1.29051,-0.971693,1.67209,
-0.310905,-0.37623,0.427962,1.29898,-0.972544,1.66724,
-0.310659,-0.377037,0.427835,1.26737,-0.976939,1.65945,
-0.31063,-0.376783,0.428127,1.27393,-0.974446,1.66458,
-0.310412,-0.377277,0.428229,1.28491,-0.961894,1.67634,
-0.310825,-0.376163,0.428126,1.2968,-0.971867,1.66789,
-0.310875,-0.376035,0.428592,1.27672,-0.965045,1.67259,
-0.310926,-0.375876,0.428304,1.27678,-0.976167,1.66396,
-0.309938,-0.379997,0.428758,1.29827,-0.959731,1.68288,
-0.311057,-0.377462,0.428185,1.31743,-0.960562,1.68486,
-0.311314,-0.377591,0.428151,1.30851,-0.96821,1.67657,
-0.311454,-0.377289,0.428129,1.30447,-0.97831,1.66729,
-0.311826,-0.376123,0.427951,1.29806,-0.984149,1.66284,
-0.311318,-0.377657,0.428195,1.30267,-0.965847,1.67927,
-0.311683,-0.376555,0.427922,1.31365,-0.994362,1.65521,
-0.312104,-0.375546,0.427706,1.30447,-0.995607,1.65272,
-0.312293,-0.37571,0.427895,1.28952,-0.983222,1.66238,
-0.311604,-0.377018,0.428384,1.30569,-0.989862,1.65905,
-0.31254,-0.380388,0.427445,1.30987,-0.981041,1.66835,
-0.322452,-0.391052,0.424849,1.2249,-1.05505,1.62111,
-0.335769,-0.3977,0.423028,1.20599,-1.09453,1.61937,
-0.35578,-0.412041,0.41905,1.19101,-1.13392,1.64285,
-0.364414,-0.422446,0.416217,1.23399,-1.15012,1.6622,
-0.372804,-0.427423,0.413813,1.23866,-1.17365,1.66539,
-0.371702,-0.426303,0.414512,1.22965,-1.15882,1.67431,
-0.37297,-0.426447,0.414195,1.2278,-1.15793,1.67728,
-0.372373,-0.426581,0.415116,1.21011,-1.17092,1.6605,
-0.373227,-0.425661,0.41486,1.22639,-1.165,1.67089,
-0.372159,-0.425242,0.414807,1.21869,-1.16766,1.66516,
-0.372459,-0.423686,0.414938,1.23669,-1.16515,1.66835,
-0.372139,-0.421853,0.415426,1.226,-1.15003,1.6778,
-0.37028,-0.421702,0.416268,1.22685,-1.15718,1.66292,
-0.369188,-0.422165,0.416568,1.22697,-1.1598,1.66099,
-0.368347,-0.420326,0.416544,1.23736,-1.15245,1.6664,
-0.365624,-0.420787,0.41724,1.2174,-1.13679,1.67303,
-0.36402,-0.41944,0.417609,1.22392,-1.13679,1.66908,
-0.356777,-0.416837,0.418411,1.22519,-1.16712,1.61644,
-0.3341,-0.41034,0.420269,1.22093,-1.15189,1.56554,
-0.313935,-0.39534,0.422954,1.31815,-0.922602,1.7342,
-0.299702,-0.391752,0.424208,1.27224,-0.98885,1.63855,
-0.292497,-0.390901,0.42467,1.30874,-0.952578,1.65927,
-0.283637,-0.393834,0.423748,1.3754,-0.959772,1.64149,
-0.273494,-0.396282,0.421326,1.35576,-0.930693,1.64845,
-0.271608,-0.394516,0.420119,1.36757,-0.947951,1.62017,
-0.272942,-0.399514,0.417588,1.34051,-0.90657,1.65102,
-0.27296,-0.401046,0.417238,1.39444,-0.974812,1.60162,
-0.272,-0.405267,0.417611,1.43667,-0.998153,1.58279,
-0.273175,-0.407328,0.416213,1.39214,-0.980943,1.59825,
-0.272084,-0.411137,0.416533,1.45854,-0.966176,1.60572,
-0.27515,-0.404919,0.417538,1.35257,-0.941014,1.63999,
-0.275479,-0.404939,0.417518,1.36782,-0.974314,1.61109,
-0.276214,-0.405841,0.418329,1.42151,-0.954844,1.63115,
-0.278777,-0.404575,0.418757,1.3845,-0.960665,1.62742,
-0.279884,-0.406359,0.418433,1.37447,-0.962368,1.63478,
-0.280106,-0.406627,0.419005,1.39737,-0.973594,1.6213,
-0.2801,-0.404986,0.41952,1.3706,-0.945202,1.64976,
-0.28087,-0.405973,0.419424,1.35517,-0.932772,1.66128,
-0.281612,-0.404088,0.419482,1.35099,-0.94408,1.65331,
-0.282156,-0.402229,0.419782,1.33367,-0.970742,1.62574,
-0.282768,-0.402313,0.419947,1.33893,-0.956155,1.64054,
-0.281613,-0.403702,0.42074,1.34937,-0.930553,1.66392,
-0.281952,-0.403119,0.420936,1.35294,-0.940762,1.65745,
-0.28362,-0.400722,0.420805,1.37313,-0.993896,1.60774,
-0.283351,-0.403376,0.42097,1.38088,-0.967458,1.63623,
-0.284789,-0.400414,0.421059,1.30579,-0.960904,1.63883,
-0.28481,-0.401192,0.42249,1.33587,-0.92745,1.66896,
-0.283902,-0.400037,0.422559,1.38399,-0.984253,1.61583,
-0.283299,-0.401531,0.421841,1.41623,-0.958054,1.63664,
-0.287592,-0.390988,0.424019,1.29488,-0.958013,1.63385,
-0.290118,-0.375966,0.428898,1.30385,-0.917114,1.65504,
-0.296344,-0.359621,0.434972,1.27212,-0.899625,1.67478,
-0.297282,-0.356824,0.434899,1.28755,-0.905467,1.6743,
-0.298444,-0.36035,0.434828,1.27281,-0.898138,1.67532,
-0.300405,-0.358819,0.434891,1.28645,-0.887641,1.69397,
-0.301807,-0.357441,0.434972,1.2833,-0.93936,1.65053,
-0.302194,-0.35986,0.435213,1.28915,-0.911702,1.68305,
-0.302745,-0.357116,0.435112,1.29535,-0.930384,1.66761,
-0.302746,-0.357172,0.435252,1.29592,-0.933275,1.66523,
-0.303063,-0.357604,0.435469,1.28344,-0.939443,1.65924,
-0.302954,-0.358614,0.435775,1.293,-0.936028,1.66261,
-0.303124,-0.357164,0.435948,1.28099,-0.915225,1.67735,
-0.304028,-0.357349,0.436009,1.27644,-0.914736,1.67772,
-0.303798,-0.358624,0.436079,1.28214,-0.915794,1.6778,
-0.304306,-0.357841,0.435677,1.30712,-0.935542,1.66482,
-0.304596,-0.359407,0.435982,1.28845,-0.928517,1.67252,
-0.305532,-0.358497,0.435963,1.26962,-0.917227,1.68208,
-0.306657,-0.35851,0.43553,1.30185,-0.950731,1.65923,
-0.306274,-0.360921,0.436419,1.28621,-0.89233,1.70996,
-0.306096,-0.358328,0.436028,1.30736,-0.916069,1.68367,
-0.306443,-0.357484,0.435718,1.30654,-0.933766,1.6689,
-0.305346,-0.360006,0.436629,1.28115,-0.879987,1.70985,
-0.306152,-0.35824,0.436128,1.30435,-0.911468,1.68578,
-0.306297,-0.358145,0.436248,1.2855,-0.902086,1.69279,
-0.306194,-0.357891,0.4365,1.30286,-0.909887,1.68731,
-0.30593,-0.359652,0.436606,1.28977,-0.88035,1.71147,
-0.306377,-0.359439,0.436391,1.28632,-0.890248,1.70833,
-0.306765,-0.361138,0.436722,1.27597,-0.886448,1.70994,
-0.308881,-0.356548,0.435439,1.30846,-0.944708,1.66652,
-0.307551,-0.359348,0.436236,1.27933,-0.899106,1.69957,
-0.306383,-0.361705,0.437086,1.26598,-0.872774,1.72222,
-0.307499,-0.359372,0.436509,1.26119,-0.892276,1.7042,
-0.307493,-0.359344,0.436474,1.26404,-0.897264,1.6994,
-0.31237,-0.358491,0.435475,1.3395,-0.966639,1.6562,
-0.327959,-0.364957,0.434546,1.2729,-0.977246,1.68365,
-0.337777,-0.370599,0.433206,1.24116,-1.00129,1.68462,
-0.341665,-0.369591,0.433029,1.23632,-0.991596,1.70281,
-0.345067,-0.371477,0.432472,1.26094,-0.974067,1.73212,
-0.347667,-0.371551,0.432009,1.24035,-1.00944,1.70315,
-0.348331,-0.370555,0.43259,1.22951,-1.00014,1.71201,
-0.348519,-0.37019,0.432582,1.22534,-1.01925,1.69451,
-0.348581,-0.370198,0.432419,1.22901,-1.0249,1.69011,
-0.348669,-0.369754,0.432763,1.25144,-1.00633,1.70806,
-0.349181,-0.370468,0.432732,1.25185,-0.98764,1.72946,
-0.348926,-0.370779,0.432929,1.25167,-0.982783,1.73466,
-0.351897,-0.370735,0.432467,1.21952,-1.01496,1.70553,
-0.356394,-0.375112,0.430724,1.2375,-1.03571,1.70579,
-0.357798,-0.375304,0.430664,1.23415,-1.04151,1.70842,
-0.345407,-0.365686,0.431779,1.3198,-0.938903,1.77417,
-0.322067,-0.356731,0.434051,1.35615,-0.865894,1.7576,
-0.308554,-0.349359,0.43448,1.29239,-0.846424,1.7155,
-0.312542,-0.334937,0.435978,1.21693,-0.951328,1.6143,
-0.313623,-0.330724,0.438216,1.29533,-0.899006,1.68202,
-0.311862,-0.33547,0.440214,1.27237,-0.780039,1.77345,
-0.316842,-0.330068,0.439585,1.26502,-0.873776,1.70014,
-0.318518,-0.330395,0.439774,1.27262,-0.873412,1.70933,
-0.319001,-0.331279,0.439768,1.28146,-0.860428,1.72422,
-0.320485,-0.329662,0.440167,1.27683,-0.852831,1.73397,
-0.320764,-0.330555,0.440975,1.25737,-0.83463,1.74807,
-0.321389,-0.330076,0.440761,1.25488,-0.847581,1.73654,
-0.32095,-0.331922,0.44072,1.26324,-0.842624,1.7448,
-0.321717,-0.329814,0.440489,1.2676,-0.855979,1.73343,
-0.321292,-0.330816,0.440695,1.26184,-0.847962,1.73837,
-0.320828,-0.331182,0.440829,1.25159,-0.846551,1.738,
-0.322409,-0.329826,0.44034,1.2765,-0.852667,1.73694,
-0.322342,-0.332789,0.440424,1.25658,-0.847473,1.74118,
-0.324134,-0.33122,0.440248,1.27918,-0.869895,1.73075,
-0.323896,-0.330316,0.440369,1.2721,-0.882685,1.72078,
-0.323581,-0.331654,0.440353,1.27663,-0.861687,1.73831,
-0.32418,-0.330048,0.439912,1.28652,-0.864134,1.73486,
-0.324623,-0.329091,0.439955,1.29018,-0.88063,1.72245,
-0.324184,-0.330736,0.440049,1.28891,-0.871048,1.7312,
-0.324288,-0.330036,0.439999,1.28836,-0.867571,1.73302,
-0.325081,-0.33065,0.440169,1.25377,-0.860589,1.73782,
-0.325431,-0.331012,0.440084,1.26114,-0.856983,1.74133,
-0.326093,-0.33023,0.440011,1.27221,-0.863213,1.73917,
-0.326933,-0.32929,0.440189,1.27571,-0.888804,1.72045,
-0.326103,-0.330266,0.440232,1.2755,-0.874368,1.73176,
-0.325384,-0.331837,0.440412,1.26274,-0.870608,1.73541,
-0.325715,-0.330731,0.440276,1.26082,-0.865119,1.73816,
-0.32599,-0.330606,0.440152,1.27527,-0.872588,1.73422,
-0.325767,-0.330328,0.440166,1.26751,-0.873747,1.73103,
-0.326206,-0.329601,0.440295,1.26824,-0.877181,1.72919,
-0.325626,-0.331241,0.440261,1.26737,-0.862012,1.74135,
-0.326818,-0.329901,0.440106,1.27904,-0.873145,1.73638,
-0.327153,-0.330294,0.440219,1.25412,-0.873984,1.73354,
-0.328199,-0.32839,0.440229,1.24426,-0.892114,1.71509,
-0.327483,-0.327985,0.440284,1.27166,-0.888786,1.72257,
-0.326876,-0.329664,0.440176,1.27164,-0.873246,1.73692,
-0.326523,-0.330001,0.439969,1.28579,-0.886173,1.72162,
-0.326328,-0.331811,0.440308,1.26921,-0.865814,1.74191,
-0.326127,-0.331755,0.440105,1.26948,-0.854166,1.75002,
-0.326692,-0.331506,0.440083,1.26164,-0.871044,1.73412,
-0.326599,-0.332523,0.44011,1.264,-0.858604,1.74676,
-0.327507,-0.332009,0.440028,1.273,-0.865521,1.74249,
-0.327443,-0.332174,0.440153,1.26708,-0.865902,1.7419,
-0.326723,-0.332024,0.440188,1.25327,-0.867898,1.73594,
-0.326454,-0.333488,0.440153,1.25889,-0.852468,1.75021,
-0.32643,-0.332873,0.440155,1.26264,-0.855711,1.74817,
-0.326181,-0.33319,0.440128,1.26267,-0.855078,1.74784,
-0.326171,-0.334027,0.440096,1.25513,-0.853016,1.7493,
-0.326417,-0.333833,0.439982,1.25275,-0.845845,1.75512,
-0.32826,-0.331443,0.438924,1.27593,-0.888268,1.73105,
-0.328276,-0.333347,0.438804,1.25997,-0.88937,1.73038,
-0.32769,-0.336027,0.438486,1.2687,-0.881528,1.73702,
-0.326866,-0.337512,0.437706,1.27318,-0.900125,1.72344,
-0.327934,-0.333131,0.437418,1.29207,-0.915417,1.70969,
-0.327458,-0.327962,0.438457,1.27699,-0.896832,1.7202,
-0.325722,-0.327322,0.438418,1.28049,-0.899041,1.71476,
-0.323462,-0.327626,0.438843,1.28785,-0.88932,1.71851,
-0.320628,-0.330332,0.438627,1.27874,-0.897503,1.7064,
-0.317652,-0.333705,0.438498,1.26553,-0.859679,1.72907,
-0.314749,-0.334297,0.438184,1.2964,-0.858386,1.72959,
-0.314002,-0.333838,0.438161,1.28719,-0.858354,1.72663,
-0.315404,-0.329497,0.43805,1.28162,-0.881219,1.70605,
-0.314145,-0.328365,0.439732,1.28249,-0.861,1.71762,
-0.316474,-0.3134,0.442472,1.32687,-1.16333,1.4313,
-0.320176,-0.3019,0.446306,1.21566,-0.898455,1.67148,
-0.321817,-0.297864,0.450656,1.15984,-0.777295,1.75615,
-0.322503,-0.295134,0.452781,1.14659,-0.764254,1.76162,
-0.323228,-0.293632,0.452633,1.1365,-0.775465,1.74772,
-0.324016,-0.291727,0.45208,1.158,-0.798939,1.73322,
-0.323411,-0.294799,0.452389,1.17839,-0.771961,1.7704,
-0.323093,-0.296607,0.452509,1.18601,-0.763654,1.78034,
-0.323179,-0.29578,0.452343,1.19006,-0.772726,1.77176,
-0.322095,-0.297873,0.452312,1.19901,-0.772137,1.76499,
-0.323914,-0.293448,0.451084,1.17173,-0.83449,1.72706,
-0.317518,-0.301036,0.450888,1.19463,-0.761264,1.77711,
-0.318866,-0.298134,0.450664,1.18528,-0.772851,1.76573,
-0.318472,-0.299945,0.450465,1.20359,-0.782478,1.75859,
-0.315329,-0.298713,0.450842,1.17829,-0.776978,1.75472,
-0.309486,-0.309292,0.451054,1.23653,-0.784858,1.75597,
-0.299824,-0.317507,0.446763,1.23934,-0.758364,1.75461,
-0.296837,-0.324426,0.443919,1.26154,-0.843639,1.6917,
-0.293739,-0.337326,0.443197,1.27,-0.790605,1.74907,
-0.296662,-0.329972,0.440258,1.27452,-0.83264,1.70121,
-0.29417,-0.338541,0.440963,1.30601,-0.816716,1.73309,
-0.294601,-0.339405,0.44102,1.29646,-0.826489,1.72321,
-0.295651,-0.334218,0.439682,1.33649,-0.888053,1.67987,
-0.295835,-0.337485,0.438913,1.28733,-1.17519,1.40103,
-0.297231,-0.33466,0.439258,1.17805,-1.03749,1.51892,
-0.298736,-0.333595,0.439201,1.28401,-0.96177,1.60977,
-0.299055,-0.33439,0.439258,1.23595,-0.925117,1.63945,
-0.297855,-0.337022,0.438842,1.20507,-0.97442,1.5836,
-0.295038,-0.344265,0.439204,1.28752,-0.843264,1.69917,
-0.295687,-0.342806,0.438505,1.31413,-0.874211,1.67743,
-0.294474,-0.349208,0.440021,1.2778,-0.785953,1.76299,
-0.293806,-0.350944,0.440171,1.27813,-0.779794,1.76644,
-0.297045,-0.342505,0.439393,1.28036,-0.826351,1.73375,
-0.297678,-0.341866,0.439135,1.27648,-0.859416,1.69889,
-0.298941,-0.340446,0.439037,1.28839,-0.867375,1.7002,
-0.301809,-0.335677,0.438537,1.29681,-0.948076,1.63191,
-0.30143,-0.339854,0.439263,1.27939,-0.888216,1.69192,
-0.301051,-0.342429,0.439409,1.27291,-0.87788,1.69863,
-0.300722,-0.341562,0.439267,1.27945,-0.87262,1.70295,
-0.300857,-0.342715,0.439419,1.27539,-0.874517,1.70273,
-0.302305,-0.339995,0.43903,1.26774,-0.919901,1.65745,
-0.301283,-0.34252,0.439223,1.27012,-0.883588,1.69007,
-0.301878,-0.342157,0.438975,1.26105,-0.905573,1.66161,
-0.302484,-0.346284,0.438188,1.27458,-0.890913,1.68879,
-0.302335,-0.356392,0.435334,1.29345,-0.935228,1.66283,
-0.297378,-0.37472,0.432441,1.32463,-0.894514,1.70167,
-0.294914,-0.386753,0.429678,1.32381,-0.913497,1.69787,
-0.295054,-0.390653,0.427436,1.36294,-0.971031,1.65071,
-0.294806,-0.393096,0.427407,1.33215,-0.932985,1.68506,
-0.296831,-0.394901,0.427304,1.30911,-0.910307,1.70905,
-0.29787,-0.393789,0.425894,1.36056,-0.981162,1.65355,
-0.296879,-0.39689,0.425726,1.36807,-0.949318,1.67987,
-0.298653,-0.397102,0.425779,1.3457,-0.95799,1.67787,
-0.300566,-0.396639,0.425174,1.31926,-0.985307,1.65487,
-0.300256,-0.397282,0.425753,1.33237,-0.958763,1.67807,
-0.298619,-0.398074,0.426015,1.33863,-0.94752,1.68783,
-0.299307,-0.397141,0.42552,1.34005,-0.969497,1.66742,
-0.299901,-0.396892,0.425876,1.32248,-0.941593,1.69259,
-0.300274,-0.396573,0.425832,1.31837,-0.952393,1.68312,
-0.300769,-0.397395,0.425851,1.33764,-0.95395,1.68371,
-0.300403,-0.397749,0.425913,1.3464,-0.952581,1.68538,
-0.301423,-0.396694,0.426011,1.33404,-0.950408,1.69074,
-0.302688,-0.396501,0.426605,1.29663,-0.95735,1.68212,
-0.304081,-0.394731,0.426274,1.32781,-0.992573,1.65613,
-0.303417,-0.394765,0.426503,1.30219,-0.961288,1.68075,
-0.302552,-0.394951,0.426935,1.31804,-0.969346,1.67278,
-0.302614,-0.395992,0.426433,1.31155,-0.97543,1.66435,
-0.303231,-0.394097,0.426521,1.29887,-0.963666,1.67429,
-0.303637,-0.395111,0.426631,1.29404,-1.00146,1.64297,
-0.303606,-0.394447,0.426624,1.31938,-0.965207,1.67747,
-0.304585,-0.393416,0.42642,1.32171,-0.984324,1.66301,
-0.305996,-0.393161,0.426355,1.29361,-0.993588,1.65787,
-0.306457,-0.393513,0.426455,1.32181,-0.990089,1.66415,
-0.305763,-0.396061,0.426995,1.33079,-0.98285,1.67024,
-0.305202,-0.393897,0.426672,1.29943,-0.982334,1.66345,
-0.304641,-0.393069,0.426868,1.3221,-0.968797,1.67724,
-0.304074,-0.395607,0.426943,1.31033,-0.972112,1.67261,
-0.304547,-0.393853,0.426659,1.32237,-0.979715,1.66655,
-0.304451,-0.394577,0.426812,1.32124,-0.978054,1.66784,
-0.304786,-0.394067,0.426577,1.32989,-0.977021,1.66871,
-0.305318,-0.393982,0.426914,1.30773,-0.963563,1.68159,
-0.305647,-0.394549,0.426937,1.31732,-0.968664,1.68089,
-0.3063,-0.394441,0.427384,1.32401,-0.957118,1.69055,
-0.305706,-0.395646,0.42732,1.32949,-0.95082,1.69833,
-0.306317,-0.394391,0.427146,1.32437,-0.968383,1.68116,
-0.306766,-0.393351,0.426707,1.31904,-0.997564,1.6559,
-0.306883,-0.393682,0.426545,1.32964,-0.994094,1.65929,
-0.306818,-0.394527,0.426996,1.3047,-0.977135,1.67194,
-0.305434,-0.4,0.425359,1.31273,-0.970267,1.68677,
-0.304625,-0.406743,0.422479,1.33237,-1.00929,1.6523,
-0.300773,-0.417882,0.420247,1.37297,-0.99752,1.66697,
-0.299943,-0.423747,0.417335,1.33388,-1.01124,1.65863,
-0.294759,-0.437987,0.414584,1.37073,-1.03856,1.6347,
-0.290438,-0.445881,0.410216,1.39884,-1.03145,1.63907,
-0.28898,-0.450379,0.407912,1.40668,-1.04254,1.62875,
-0.289858,-0.453434,0.40752,1.42451,-1.0473,1.62911,
-0.289301,-0.455386,0.406998,1.41255,-1.05677,1.62168,
-0.286921,-0.460138,0.404889,1.40971,-1.05862,1.62104,
-0.286239,-0.463082,0.403461,1.41003,-1.07126,1.61227,
-0.286299,-0.464179,0.403098,1.42129,-1.07711,1.60864,
-0.287128,-0.461375,0.404036,1.40077,-1.07421,1.61094,
-0.287678,-0.462442,0.40429,1.40947,-1.07158,1.61501,
-0.289456,-0.462297,0.404652,1.40509,-1.06728,1.62014,
-0.289998,-0.461028,0.404557,1.39773,-1.05875,1.62831,
-0.290295,-0.462854,0.405321,1.41429,-1.0608,1.62771,
-0.291888,-0.462392,0.405663,1.39597,-1.06306,1.62896,
-0.292144,-0.462576,0.405615,1.39519,-1.06808,1.62534,
-0.292652,-0.461061,0.405162,1.39606,-1.07358,1.61994,
-0.293959,-0.461885,0.405472,1.38946,-1.07516,1.62462,
-0.294993,-0.461282,0.405378,1.38716,-1.07846,1.62453,
-0.295022,-0.461358,0.406153,1.39504,-1.06347,1.64001,
-0.296798,-0.460291,0.406354,1.36748,-1.07881,1.62784,
-0.296711,-0.460269,0.406474,1.36257,-1.069,1.63637,
-0.296344,-0.461896,0.406481,1.3683,-1.05727,1.6463,
-0.29744,-0.461695,0.406244,1.38239,-1.07912,1.62888,
-0.299006,-0.458589,0.406587,1.36249,-1.0784,1.6288,
-0.29843,-0.453709,0.40863,1.34268,-1.06458,1.63054,
-0.299863,-0.450064,0.40978,1.34314,-1.05685,1.64182,
-0.300956,-0.446231,0.411758,1.35099,-1.05785,1.64076,
-0.299143,-0.44541,0.412528,1.34633,-1.04215,1.6483,
-0.300293,-0.443429,0.412867,1.34893,-1.04048,1.64894,
-0.300293,-0.442875,0.414304,1.35157,-1.03772,1.65016,
-0.301358,-0.44173,0.414185,1.35866,-1.03374,1.65556,
-0.303894,-0.434704,0.415948,1.35068,-1.03826,1.64944,
-0.303796,-0.42214,0.420048,1.33588,-1.00804,1.66673,
-0.302124,-0.424621,0.419993,1.33212,-0.989378,1.68037,
-0.303629,-0.423835,0.420001,1.31523,-1.01779,1.6579,
-0.303715,-0.423348,0.420523,1.32792,-0.987048,1.68784,
-0.304065,-0.424957,0.420084,1.31024,-1.01627,1.66169,
-0.304296,-0.425585,0.419891,1.3022,-1.03992,1.64136,
-0.304787,-0.425727,0.419673,1.32969,-1.00665,1.67402,
-0.305452,-0.42786,0.419408,1.3145,-1.0034,1.68234,
-0.304913,-0.430734,0.418083,1.32308,-1.0141,1.67377,
-0.303925,-0.434039,0.417254,1.33988,-1.02424,1.66598,
-0.305979,-0.438579,0.415337,1.33985,-1.03055,1.66869,
-0.311463,-0.446406,0.412573,1.35718,-1.04153,1.68099,
-0.320244,-0.455359,0.409772,1.33447,-1.07371,1.677,
-0.326746,-0.464309,0.407227,1.32292,-1.1327,1.64651,
-0.327839,-0.467242,0.405657,1.29947,-1.13239,1.65338,
-0.320262,-0.462453,0.406694,1.286,-1.1551,1.60987,
-0.305299,-0.454892,0.408251,1.33519,-1.07051,1.6493,
-0.286479,-0.443501,0.410238,1.34568,-0.944808,1.70445,
-0.260276,-0.433565,0.414019,1.4786,-0.909161,1.64918,
-0.250936,-0.423549,0.41284,1.39565,-0.903406,1.62602,
-0.249322,-0.429174,0.415162,1.41533,-0.88107,1.64853,
-0.250759,-0.432885,0.415331,1.52902,-0.898264,1.62673,
-0.252933,-0.425488,0.415236,1.51407,-0.936662,1.60988,
-0.251396,-0.427115,0.416201,1.48036,-0.908957,1.62914,
-0.252275,-0.425002,0.41526,1.48645,-0.949871,1.59633,
-0.252129,-0.416987,0.413842,1.42092,-0.884309,1.64278,
-0.252186,-0.423941,0.414553,1.44582,-0.880861,1.64447,
-0.256742,-0.426516,0.414544,1.46928,-0.874221,1.65391,
-0.256067,-0.421615,0.415805,1.44153,-0.858455,1.67606,
-0.257342,-0.423209,0.415878,1.44966,-0.850923,1.6835,
-0.257513,-0.426517,0.41721,1.45972,-0.962486,1.59753,
-0.258933,-0.42259,0.417848,1.33142,-0.83955,1.6964,
-0.261512,-0.42165,0.418253,1.46455,-0.897732,1.65968,
-0.260987,-0.426924,0.418777,1.48309,-0.964625,1.59942,
-0.261823,-0.424489,0.418709,1.45054,-0.948697,1.61507,
-0.263412,-0.420564,0.418408,1.37897,-0.876622,1.68108,
-0.263618,-0.422423,0.41852,1.44405,-0.928363,1.64113,
-0.265206,-0.42348,0.419463,1.41509,-0.919148,1.65692,
-0.267749,-0.425319,0.419237,1.40861,-0.933927,1.656,
-0.271864,-0.423995,0.421802,1.39938,-0.939728,1.64986,
-0.274157,-0.424662,0.421951,1.36178,-0.913697,1.67101,
-0.274184,-0.426215,0.421629,1.35311,-0.89617,1.68834,
-0.272652,-0.427356,0.421336,1.39876,-0.911027,1.67257,
-0.270526,-0.429709,0.419838,1.42114,-0.917052,1.65729,
-0.271807,-0.426665,0.420348,1.38997,-0.925944,1.65485,
-0.272118,-0.426225,0.420562,1.38325,-0.929588,1.65759,
-0.270765,-0.42717,0.420276,1.41233,-0.931924,1.65871,
-0.271159,-0.426755,0.421085,1.42199,-0.934453,1.65633,
-0.272433,-0.424045,0.421656,1.37287,-0.909991,1.67705,
-0.272748,-0.42623,0.421639,1.41368,-0.930152,1.66146,
-0.274249,-0.425184,0.421762,1.35391,-0.905681,1.68714,
-0.275738,-0.426169,0.421813,1.35385,-0.927454,1.66895,
-0.275206,-0.431512,0.421888,1.39093,-0.941536,1.66465,
-0.27413,-0.427839,0.423025,1.37495,-0.914564,1.67943,
-0.276274,-0.427204,0.423924,1.40333,-0.945468,1.65683,
-0.27474,-0.428091,0.424735,1.38631,-0.896993,1.68892,
-0.278956,-0.422933,0.423534,1.35294,-0.936971,1.6623,
-0.280282,-0.422239,0.423708,1.35659,-0.926381,1.67547,
-0.279794,-0.421535,0.423654,1.34854,-0.948954,1.64883,
-0.281792,-0.422663,0.424627,1.35556,-0.923012,1.67851,
-0.280222,-0.421222,0.424613,1.3514,-0.930783,1.66909,
-0.280538,-0.420915,0.424697,1.37122,-0.931108,1.67106,
-0.280872,-0.420178,0.424956,1.36102,-0.925743,1.6747,
-0.279382,-0.42137,0.424793,1.35116,-0.938993,1.66423,
-0.280059,-0.418143,0.425268,1.32522,-0.912136,1.67782,
-0.278127,-0.418391,0.425924,1.33839,-0.893956,1.69402,
-0.277268,-0.416782,0.425854,1.35301,-0.907781,1.67665,
-0.277619,-0.417092,0.42585,1.3968,-0.942588,1.64709,
-0.277729,-0.415276,0.42573,1.34807,-0.922035,1.66533,
-0.277464,-0.414421,0.425992,1.31601,-0.924285,1.66435,
-0.277064,-0.415085,0.426329,1.32875,-0.940373,1.64944,
-0.277297,-0.413638,0.42673,1.33853,-0.915808,1.66495,
-0.276062,-0.414936,0.427083,1.37837,-0.909728,1.67149,
-0.27594,-0.414346,0.427346,1.34653,-0.899527,1.68122,
-0.275489,-0.415092,0.427387,1.33597,-0.886171,1.69198,
-0.276595,-0.414167,0.427138,1.39113,-0.925619,1.65523,
-0.278421,-0.411346,0.427731,1.17724,-0.98778,1.5815,
-0.277639,-0.41021,0.427322,1.38107,-0.965002,1.62573,
-0.27702,-0.412513,0.427616,1.38499,-0.95213,1.63622,
-0.27745,-0.411739,0.427807,1.37043,-0.954951,1.63054,
-0.277415,-0.410784,0.427337,1.37346,-0.954494,1.63496,
-0.27645,-0.411826,0.427859,1.33613,-0.909544,1.66934,
-0.276562,-0.411743,0.428087,1.33421,-0.906107,1.67303,
-0.276792,-0.411124,0.42828,1.33392,-0.901425,1.67551,
-0.276864,-0.410992,0.428287,1.33595,-0.900882,1.67793,
-0.276995,-0.412293,0.428494,1.37912,-0.921539,1.66075,
-0.277779,-0.411469,0.428596,1.33172,-0.895877,1.67935,
-0.277736,-0.410166,0.428717,1.3738,-0.933313,1.65053,
-0.278218,-0.410239,0.428608,1.32049,-0.894753,1.68021,
-0.278438,-0.412616,0.428967,1.31974,-0.883376,1.6953,
-0.278284,-0.410123,0.428924,1.31544,-0.894892,1.67808,
-0.278138,-0.409945,0.428916,1.3485,-0.920655,1.66093,
-0.278791,-0.409493,0.429028,1.28358,-0.90526,1.6655,
-0.2774,-0.41163,0.428922,1.3729,-0.94922,1.6379,
-0.278116,-0.409802,0.42878,1.34676,-0.910371,1.66969,
-0.278228,-0.41228,0.428946,1.3123,-0.879961,1.69669,
-0.278167,-0.41066,0.428631,1.31602,-0.899079,1.67413,
-0.277791,-0.410121,0.428364,1.36927,-0.936041,1.64761,
-0.278181,-0.410469,0.428605,1.32002,-0.904459,1.66998,
-0.27788,-0.410027,0.428382,1.36533,-0.936957,1.64575,
-0.277505,-0.410567,0.428543,1.38104,-0.934614,1.64982,
