0,0,0,0.0035841,0,-0.0110749
0,0,0,0.003945,0,-0.0100575
0,0,0,0.00420657,0,-0.00915526
0,0,0,0.00509534,0,-0.00719102
0,-0.00105451,0,0.00462286,-0.000129092,-0.00590815
0,-0.00287805,0,0.00485538,0,-0.00781881
0,-0.00297829,0,0.00535052,0,-0.00650675
0,-0.00259796,0,0.00469251,0,-0.00544799
0,0,0,0,0,0
0,0,0,0,0,0
0,0,0,0,0,0
0,0,0,0,0,0
0,0,0,0,0,-0.000662975
0,0,0,0,0,-0.00134652
0,0,0,0,0,-0.00399605
0,0,0,0,0,-0.00591107
0,0,0,0,0,-0.00294904
0,0,0,0,0,-0.00133973
0,0.000252413,0,0,0,-0.00173414
0,-0.00150267,0,0,0,-0.00234772
0,-0.00263474,0,0,0,-0.00287977
0,-0.00316634,0,0,0,-0.00284177
0,-0.00178672,0,0,0,-0.00570694
0,0,0,0,0,4.97139e-05
0,0,0,0,0,-0.00364309
0,0,0,0,0,-0.00647022
0,9.86736e-05,0,0,0,0
0,-0.000109959,0,0,0,0
0,0,0,0,0,0
0,0,0,0,0,0
0,0,0,0,0,0
0,0,0,0,0,0
0,0,0,0,0,0
0,0,0,0,0,0
0,0,0,0,0,0
0,0,0,0,0,0
0,0,0,0,0,0
0,0,0,0,0,0
0,0,0,0,0,0
0,0,0,0,0,0
0,0,0,0,0,0
0,0,0,0,0,0
0,0,0,0,0,0
0,0,0,0,0,0
0,0,0,0,0,0
0,0,0,0,0,0
0,0,0,0,0,0
0,0,0,0,0,0
0,0,0,0,0,0
0,0,0,0,0,0
0,0,0,0,0,0
0,0,0,0,0,0
0,0,0,0,0,0
0,0,0,0,0,0
0,0,0,0,0,0
0,0,0,0,0,0
0,0,0,0,0,0
0,0,0,0,0,0
0,0,0,0,0,0
0,0,0,0,0,0
0,0,0,0,0,0
0,0,0,0,0,0
0,0,0,0,0,0
0,0,0,0,0,0
0,0,0,0,0,0
0,0,0,0,0,0
0,0,0,0,0,0
0,0,0,0,0,0
0,0,0,0,0,0
0,0,0,0,0,0
0,0,0,0,0,0
0,0,0,0,0,0.000593493
0,0,0,0,0,-0.000473345
0,0,0,0,0,-0.000385906
0,0,0,0,0,-0.00102779
0,0,0,0,0,-0.000553528
0,0,0,0,0,-0.000108111
0,0,0,0,0,-0.000172573
0,0,0,0,0,-0.00133997
0,0,0,0,0,-0.00118569
0,0,0,0,0,-0.00126863
0,0,0,0,0,-0.00167619
0,0,0,0,0,-0.000855558
0,0,0,0,0,7.54483e-05
0,0,0,0,0,-7.30002e-05
0,0,0,0,0,0
0,0,0,0,0,0
0,0,0,0,0,0
0,0,0,0,0,0
0,0,0,0,0,0
0,0,0,0,0,0
0,0,0,0,0,0
0,0,0,0,0,0
0,0.000423009,0,0,0,0
0,0.000359015,0,0,0,0
0,0.00156383,0,0,0,0
0,0.00273482,0,0,0,0
0,0.00362146,0,0,0,0
0,0.00420746,0,0,0,0
0,0.00412708,-7.42702e-05,0,0,0
0,0.00412428,-0.000603997,0,0,0
0,0.00376499,-0.000328267,0,0,0
0,0.00310289,-0.000356438,0,0,0
0,0.00249986,0,0,0,0
0,0.00190792,0,0,0,0
0,0.00402718,0,0,0,0
0,0.0056207,0,0,0.000974845,0
0,0.00473984,0,0,0,0
0,0.00451093,0,0,0,0
0,0.00643073,0,0,0.000317168,0
0,0.00736437,0,0,0,0
0,0.00760835,0,0,0,0
0,0.00678304,0,0,0.000983849,0
0,0.00648852,0,0,0,-0.000322901
0,0.00653736,0,0,0,0
0,0.0061525,0,0,0,0
0,0.00658199,0,0,0,0
0,0.00576921,0,0,0,-0.000426138
0,0.00015345,0,0,0,-0.002727
0,0.000433161,0,0,0,-0.00200526
0,0.0013683,0,0,0,0
0,0.00126061,0,0,0,-2.2253e-05
0,0,0,0,0,-0.00556171
0,0,0,0,0,-0.00604875
0,0,0,0,0,-0.00341942
0,0,0,0,0,-0.00164186
0,0,0,0,0,-0.0015982
0,0,0,0,0,-0.000945396
0,0,0,0,0,-0.000292369
0,0,0,0,0,-0.000706999
0,0,0,0,0,-0.000464486
0,0,0,0,0,-0.000493306
0,0,0,0,0,-0.00174003
0,0,0,0,0,-0.00152417
0,0,0,0,0,-0.000668122
0,0,0,0,0,-0.000786055
0,0,0,0,0,-0.000431933
0,0,0,0,0,-0.000930414
0,0,0,0,0,0
0,0,0,0,0,0
0,0,0,0,0,0
0,0,0,0,0,0
0,0,0,0,0,0
0,0,0,0,0,0
0,0,0,0,0,0
0,-0.000186725,0,0,0,0
0,-0.000305819,0,0,0,0
0,-0.000275035,0,0,0,0
0,-0.000274002,0,0,0,0
0,-0.000556436,0,0,0,0
0,-0.000243115,0,0,0,0
0,-0.000557351,0,0,0,0
0,-0.000818319,0,0,0,0
0,-0.00108607,0,0,0,0
0,-0.00104781,0,0,0,0
0,-0.0023355,0,0,0,0
0,-0.00217961,0,0,0,0
0,-0.0028538,0,0,0,0
0,-0.00312505,0,0,0,0
0,-0.00343026,0,0,0,0
0,-0.00374339,0,0,0,0
0,-0.00406174,0,0,0,0
0,-0.00438363,0,0,0,0
0,-0.00433861,0,0,0,0
0,-0.00470714,0,0,0,0
0,-0.0033221,0,0,0,0
0,-0.00426658,0,0,0,0
0,-0.00458928,0,0,0,0
0,-0.00491484,0,0,0.0001147,0
0,-0.00450256,0,0,-0.00109943,0
0,-0.000864103,0,0,0,0
0,-0.00156536,0,0,-0.00101482,0
0,-0.00185063,0,0,0,-0.000675638
0,-0.00087705,0,0,0,0
0,0,0,0,0,0
0,0,0,0,0,0
0,0,0,0,0,0
0,0,-0.000874403,0,0,0
0,0,-0.0010009,0,0,0
0,0,-0.00163944,0,0,0
0,0,-0.000873387,0,0,0
0,0,-0.000759833,0,0,0
0,0,-0.000791509,0,0,0
-0.00129596,0,0,0,0,0
-0.000877207,0,0,0,0,0
-0.0012155,0,0,0,0,0
-0.00214164,0,0,0,0,0
-0.00447852,0,0,0,0,0
-0.00346062,0,0,0,0,0
-0.0025066,0,0,0,0,0
-0.00367082,0,0,0,0,0
-0.00463093,0,0,0,0,0
-0.00414443,0,0,0,0,0
-0.00418838,0,0,0,0,0
-0.00312006,0,0,0,0,0
-0.00189411,0,0,0,0,0
-0.00140131,0,0,0,0,0
-0.00179113,0,0,0,0,0
-0.002756,0,0,0,0,0
-0.00440323,0,0,0,0,0
0,0,0,0,0,0
0,0,0,0,0,0
0,0,0,0,0,-0.000589095
0,0,0,0,0,0
0,0,0,0,0,0
0,0,0,0,0,0
0,0,0,0,0,0
0,0,0,0,0,0
0,0,0,0,0,0
0,0,0,0,0,-0.000601498
0,0,0,0,0,-0.00131364
0,0,0,0,0,-0.00112876
0,0,0,0,0,-0.00113493
0,0,0,0,0,0
0,0,0,0,0,-0.000579004
0,0,0,0,0,-0.000580371
0,0,0,0,0,-0.000403998
0,0,0,0,0,-0.000819261
0,0,0,0,0,-0.00061481
0,0,0,0,0,-0.000467999
0,0,0,0,0,-0.000600322
0,0,0,0,0,0
0,0,0,0,0,-6.42679e-05
0,0,0,0,0,-0.000305886
0,0,0,0,0,-0.000284504
0,0,0,0,0,-0.000280899
0,0,0,0,0,-0.0004463
0,0,0,0,0,-0.000368332
0,0,0,0,0,-0.000378332
0,0,0,0,0,-0.000483291
0,0,0,0,0,-0.000580885
0,0,0,0,0,-0.00073304
0,0,0,0,0,-0.000937934
0,0,0,0,0,-0.000896529
0,0,0,0,0,-0.00021871
0,0,0,0,0,-0.00122084
0,0,0,0,0,-0.000119901
0,0,0,0,0,-0.00106075
0,0,0,0,0,-0.000897514
0,0,0,0,0,-0.000846293
0,0,0,0,0,-0.000221489
0,0,0,0,0,-0.000311158
0,0,0,0,0,-0.000590848
0,0,0,0,0,0
0.00174641,0,0,0,0,-0.00117349
0.00108022,0,0,0,0,-0.00125132
0.00108256,0,0,0,0,-0.00122397
0.00107955,0,0,0,0,-0.00227648
0.00107949,0,0,0,0,-0.00183753
0.00171003,0,0,0,0,-0.0016504
0.00196161,0,0,0,0,-0.00228453
0.0025902,0,0,0,0,-0.00279627
0.00535378,0,0,0,0,-0.00216552
0.00500028,0,0,0,0,-0.00223646
0.00537485,0,0,0,0,-0.001358
0.00495323,0,0,0,0,-0.00227094
0.00354754,0,0,0,0,-0.000375186
0.00267265,0,0,0,0,0
0.00420583,0,0,0,0,0
0.00513432,0,0,0,0,-0.00181833
0.00217045,0,0,0,0,0
0.00248415,0,0,0,0,0
0.00317655,0,0,0,0,0
0.00379476,0,0,0,0,0
0.00335648,0,0,0,0,0.000126507
0.00561037,0,0,0,0,0
0.00387332,0,0,0,0,0
0.00551824,0,0,0,0,0
0.00609192,0,0,0,0,-0.00233421
0.00638322,0,0,0,0,-0.0004253
0.00271687,0,0,0,0,-0.00163614
0.00418931,0,0,0,0.000391746,-0.00120619
0.00369974,0,0,0,0,0
0.00235405,0,0,0,0.00159878,-0.00262636
0.00032875,0,0,0,0.00289487,-0.00168816
0,0,0,0,0,0
0,0,0,0,0,0.000265213
0,0,0,0,0,0
0,0,0,0,0,0
0,0,0,0,0,0
0,0,0,0,0,-0.000544537
0,0,0,0,0,-0.000467202
0,0,0,0,0.00163223,-0.000556846
0,0,0,0,0.00187278,0
0,0.000321089,0,0,0.00149908,0
0,0.000455616,0,0,0.000293506,0
0,0.000146171,0,0,0,6.17046e-05
0,0,-0.00032357,0,0,-0.00483809
0,0,-0.000210929,0,0.000717091,-0.00275032
0,0,-0.000419892,0,0.000510791,-0.00148019
0,0.000422095,-0.000391317,0,0.00101948,-0.000462383
0,0.00128529,-0.000210097,0,0.0032558,0
0,0.00118125,-0.000814083,0,0.00249469,-0.00180793
0,0.00181244,-0.000929747,0,0.00425406,-0.00136873
0,0.00070047,-0.00324662,0,0.0040521,-0.00451597
0,0.000814353,-0.00287141,0,0.00404107,-0.0040583
0,0.000239561,-0.00261424,0,0.00367594,-0.00508304
0,0.00058912,-0.00190653,0,0.00624279,-0.00417481
0,0.00115414,-0.00154015,0,0.00875086,-0.00357196
0,0.00171038,-0.00363552,0,0.00288643,-0.00339146
0,0.00262595,-0.00441308,0,0.00207575,-0.00242559
0,0.00319749,-0.0039716,0,0.00527299,-0.00251911
0,0.0034685,-0.0037371,0,0.00750132,-0.00284943
0,0.00342987,-0.00433097,0,0.00578881,-0.00338724
0,0.00239248,-0.00369734,0,0.00496853,-0.00434006
0,0.00184995,-0.0032401,0,0.00497369,-0.00514936
0,0.000825467,-6.12701e-05,0,0.00411861,-0.00203718
0,0.00222009,-0.0015347,0,0.00261293,-0.00093564
0,0.00273645,-0.00183131,0,0.00260882,-0.000829998
0,0.00265547,-0.0024946,0,0.00160939,-0.00178436
0,0.00265559,-0.00315573,0,0,-0.00193865
0,0.00231641,-0.00252302,0,0.000143177,-0.00232723
0,0.00169747,-0.00259892,0,0,-0.00301421
0,0.00177377,-0.00259889,0,0,-0.00290328
0,0.00145537,-0.00311744,0,0,-0.00245613
0,0.000873804,-0.00155012,0,0,-0.00321484
0,0.000355461,-0.0015275,0,0,-0.00293495
0,0.000686643,4.67411e-05,0,0,-0.00272761
0,0,-0.000166798,0,0,-0.00435224
0,0,-0.000936748,0,0,-0.00233963
0,0,-0.000812219,0,0,-0.00259874
0,0.00357323,-0.0012399,0,0,-0.000466237
0,0.00285824,-0.0013976,0,0,-0.000737444
0,0.00222186,-0.00334821,0,0,-0.00185961
0,0.00229791,-0.00303599,0,0,-0.00170061
0,0.00101683,-0.00411644,0,0,-0.0048744
0,0.000856134,-0.00595723,0,0,-0.00430594
0,0.00278606,-0.00211504,0,0,-0.000778517
0,0.00255575,-0.00260418,0,0,-0.00126956
0,0.00289715,-0.00312144,0,0,-0.0012479
0,0.00285597,-0.00227746,0,0.00014818,-0.00239785
0,0.0032058,-0.00316091,0,0,-0.00197259
0,0.00351326,-0.0033083,0,0,-0.00170409
0,0.00347017,-0.00224011,0,0,-0.00192271
0.000174523,0,-0.00118099,0,0,-0.00259565
0,-0.000256567,-0.00205677,0,0,-0.00123895
0,0.000668537,-0.0017101,0,0,-0.00287969
0,0.00184222,-0.00299203,0,0,-0.00273995
0,0.00710524,-0.00526617,0,0,-0.000357067
0,0.00757888,-0.00546119,0,0,-0.000623483
0,0.00829492,-0.00571339,0,0,0.00076389
0,0.00655213,-0.00536805,0,0,-0.00348973
0,0.00592651,-0.00336601,0,0,-0.00433887
0,0.00526176,-0.0031136,0,0,-0.00419075
0,0.00535271,-0.00319257,0,0,-0.00418167
0,0.00498131,-0.00241801,0,0,-0.00330444
0,0.00467384,-0.00299923,0,0.000173958,-0.00448962
0,0.00471488,-0.00241666,0,0.00101463,-0.00308068
0,0.00471368,-0.00300586,0,0,-0.00273146
0,0.00434927,-0.00267076,0,0.000781869,-0.00437814
0,0.00475928,-0.00296786,0,0.00165487,-0.00467163
0,0.00471284,-0.00292907,0,0.00151885,-0.00460114
0,0.00545793,-0.00345791,0,0.00134797,-0.00430885
0,0.0065106,-0.00364715,0,0.000792295,-0.00278791
0,0.00714683,-0.00388026,0,-3.898e-05,-0.00191636
0,0.00705073,-0.00383904,0,0.000404922,-0.00218987
0,0.00705152,-0.00356752,0,0.000906803,-0.00205638
0,0.00198322,-0.0022347,0,0,-0.0033816
0,0.00357504,-0.00146617,0,0.00285033,-0.00201368
0,0.00453421,-0.00208164,0,0.00208392,-0.00216363
0,0.00439689,-0.00200955,0,0.00215157,-0.00217738
0,0.00627662,-0.00301898,0,0.00110672,-0.00119833
0,0.00720271,-0.0026071,0,0.00260476,-0.00224741
0.000103558,0.00127839,0,0,0,-0.00275666
0.000117707,0.00189218,0,0,0,-0.00266006
0,0.00189322,0,0,0,-0.00254094
0,0.001893,0,0,0,-0.00362021
0,0.00221896,0,0,0,-0.00434965
0,0.00535934,0,0,0,0
0,0.00647554,0,0,0,0
0,0.00706511,0,0,0,0
0,0.00697048,0,0,0,0
0,0.00581783,0,0,0,-0.000614113
0,0.00482864,0,0,0,-0.0032659
0,0.00281521,0,0,0.000812101,0.000329839
0.000109667,0.00376506,0,0,0,0
0,0.00403975,0,0,0,0
0,0.00399973,0,0,0,0
0,0.00328678,0,0,0,-0.000431857
0,0.00200773,0,0,0,-0.00316474
0,0.00119959,0,0,-0.000110838,-0.00353452
0,0,0,0,0,0.000540329
0,0,0,0,0,0
0,0,0.000446363,0,0.00290773,0
0,0,0,0,0,0
0,0,0,0,0,0
0,0,0,0,0,0
0,0,0,0,0,0
0,0,0.000628549,0,0,0
0,0,0.000735814,0,0,0
0,0,0.000705541,0,0,0
0,0,0.00050722,0,0,0
0,0,0.00053691,0,0,0
0,0,0.00138095,0,0,0
0,0,0.00124769,0,0,0
0,0,0.00102948,0,0,0
0,0,0.000849434,0,0,0
0,0,0.00276504,0,0.00322647,0
0,0,0.00246686,0,0.00310226,0
0,0,0.0022161,0,0.00156546,0
0,0,0.00200833,0,0.000326524,0
0,0,0.0064692,0,0.00521121,0
0,0,0.0021992,0,0,0
0,0,0,0,0,0
0,0,0,0,0,0
0,0,0,0,0,0
0,0,-0.000115114,0,0,0
0,0,0.000237847,0,0,0
0,0,0.00102446,0,-0.000570673,0
0,0,0.000898623,0,0.000183797,0
0,0,0.00069194,0,0,0
0,0,0.00207179,0,0.00218314,0
0,0,0.00185854,0,0.00170229,0
0,0,0,0,0,0
0,0,0,0,0,0
0,0,0,0,0,0
0,0,0,0,0,0
0,0,0,0,0,0
0,0,0,0,0,0
0,0,0,0,0,0
0,0,0,0,0,0
0,0,0,0,0,0
0,0,0,0,0,0
0,0,0,0,0,0
0,0,0,0,0,0
0,0,0,0,0,0
0,0,0,0,0,0
0,0,0,0,0,0
0,0,0,0,0,0
0,0,0.000181962,0,0,0
0,0,5.53116e-05,0,0,0
0,0,0,0,0,0
0,0,0,0,0,0
0,0,0,0,0,0
0,0,0,0,0,0
0,0,0,0,0,0
0,0,0,0,0,0
0,0,0,0,0,0
0,0,0,0,0,0
0,0,0,0,0,0
0,-0.000263772,0,0,0,0
0,-9.38181e-05,0,0,0,0
0,-9.39958e-05,0,0,0,0
0,-0.000367575,0,0,0,0
0,-0.000334669,0,0,0,0
0,-0.00033459,0,0,0,0
0,-0.000621604,0,0,0,0
0,-0.000588745,0,0,0,0
0,-0.000589445,0,0,0,0
0,-0.000592042,0,0,0,0
0,-0.00088559,0,0,0,0
0,-0.000851415,0,0,0,0
0,-0.000850761,0,0,0,0
0,-0.000850032,0,0,0,0
0,-0.00115481,0,0,0,0
0,-0.0011209,0,0,0,0
0,-0.000816192,0,0,0,0
0,-0.00146495,0,0,0,0
0,-0.00139402,0,0,0,0
0,-0.00171424,0,0,0,0
0,-0.00167677,0,0,0,0
0,-0.00200182,0,0,0,0
0,-0.00196344,0,0,0,0
0,-0.00229509,0,0,0,0
0,-0.00192191,0,0,0,0
0,-0.00228899,0,0,0,0
0,-0.00192512,0,0,0,0
0,-0.00229415,0,0,0,0
0,0,0,0,0,0
0,0,0,0,0,0
0,0,0,0,0,0
0,-0.000995117,0,0,0,0
0,-0.00276513,0,0,0,0
0,-0.00256986,0,0,0,0
0,-0.00325412,0,0,0,0
0,-0.00317167,0.000440382,0,0,0
0,-0.00282806,0.00165952,0,0,0
0,-0.00219458,0.0012303,0,0,0
0,-0.00664789,0,0,0,0
0,-0.00609311,0,0,0,0
0,-0.00533539,0,0,0,0
0,-0.00468169,0,0,0,0
0,-0.00404139,0,0,0,0
0,-0.00341032,0,0,0,0
0,-0.00279734,0,0,0,0
0,-0.00287872,0,0,0,0
0,-0.00357769,0,0,0,0
0,-0.00349588,0,0,0,0
0,-0.00421072,0,0,0,0
0,-0.00449137,0,0,0,0
0,-0.00375111,0,0,0,0
0,-0.00530341,0,0,0,0
0,-0.00812352,0,0,0,0
0,-0.00748681,0,0,0,0
0,-0.0067524,0,0,0,0
0,-0.00463901,0,0,0,0
0,-0.00489783,0,0,0,0
0,-0.00452894,0,0,0,0
0,-0.0049428,0,0,0,0
0,-0.00564883,0,0,0,0
0,-0.0030665,0.00166526,0,0,0
0,-0.00406485,0.00184063,0,0,0
0,-0.00397807,0.00134074,0,0,0
0,-0.00361646,0.00236438,0,0,0
0,-0.00330974,0.0024683,0,0,0
0,-0.00300121,0.00243087,0,0,0
0,-0.00304433,0.00169883,0,0,0
0,-0.00304457,0.000495512,0,0,0
0,-0.00236051,0.00201818,0,0,0
0,-0.00243541,0.00180495,0,0,0
0,-0.000850341,0.0070445,0,0.000768657,0
0,-0.000155559,0.00710418,0,0.0024675,0
0,0,0.0054729,0,-0.000158772,0
0,0,0.00539958,0,0.000891899,0
0,0,0.00544427,0,0.000783982,0
0,0,0.00374686,0,0,0
0,0,0.00371971,0,0,0
0,0,0.00322185,0,0,0
0,0,0.00330073,0,0,0
0,0,0.00303733,0,0,0
0,-0.000251217,0.00362175,0,0,0
0,-0.000249361,0.00381168,0,0,0
0,0,0.0043244,0,0.00356887,0
0,0,0.00538294,0,0.00134723,0
0,0,0.00492075,0,0.00297831,0
0,0,0.00282329,-0.000621552,-0.000396865,0
0,0,0.00235722,0.000808662,0,0
0,0,0.00247001,0.000458624,0,0
0,0,0.00247038,0.000494488,0,0
0,0,0.00272422,0.000551254,0,0
0,0,0.0034745,0.00135507,0,0
0,0,0,0.0090343,0,0
0,0,0,0.00787745,0,0
0,0,0,0.00918026,0,-0.00157155
0,0,0,0.00899006,0,-0.00134376
0,0,0,0.0130067,0,0
0,0,0,0.011758,-0.00226536,0
0,0,0,0.0125419,-0.000756462,0
0,0,0,0.0101272,-0.00132819,0
0,0,0,0.0115771,0,0
0,0,0,0.0111398,-0.00070714,0
0,0,0,0.00962541,0,0
0,0,0,0.00961458,0,0
0,0,0,0.00911873,-0.000939042,0
0,0,0,0.00979203,-0.00156941,0
0,0,0,0.0100721,0,0
0,0,0,0.0104399,0,0
0,0,0,0.0103796,0,0
0,0,0,0.0108844,0,0
0,0,0,0.010137,0,0
0,0,0,0.0101343,0,0
0,0,0,0.010298,0,0
0,0,0,0.0099418,0,0
0,0.000249884,0,0.0102915,0,0
0,0.000193392,0,0.0102472,0,0
0,0,0,0.0141861,0,0
0,0,0,0.0136036,0,0
0,0,0,0.0129045,0,0
0,5.66301e-05,0,0.0130409,0,0
0,0.000347567,0,0.0130694,0,0
0,0,0,0,-6.23887e-06,0
0,0,0,0,0,0
0,0,0,0,0,0
0,0,0,0,0,0
0,0,0,0,0,0
0,0,0,0,0,0
0,0,0,0,0,0
0,0,0,0,0,0
0,0,0,0,0,0
0,0,0,0,0,0
0,0,0,0,0,0
0,0,0,0,0,0
0,0,0,0,0,0
0,0,0,0,0,0
0,0,0,0,0,0
0,0,0,0,0,0
0,0,0,0,0,0
0,0,0,0,0,0
0,0,0,0,0,0
0,0,0,0,0,0
0,0,0,0,0,0
0,0,0,0,0,0
0,0,0,0,0,0
0,0,0,0,0,0
0,0,0,0,0,0
0,0,0,0,0,0
0,0,0,0,0,0
0,0,0,0,0,0
0,0,0,0,0,0
0,0,0,0,0,0
0,0,0,0,0,0
0,0,0,0,0,0
0,0,0,0,0,0
0,0,0,0,0,0
0,0,0,0,0,0
0,0,0,0,0,0
0,0,0,0,0,0
0,0,0,0,0,0
0,0,0,0,0,0
0,0,0,0,0,0
0,0,0,0,0,0
0,0,0,0,0,0
0,0,0,0,0,0
0,0,0,0,-0.00123318,0
0,0,0,0,-0.00107503,0
0,0,0,0,0,0
0,0,0,0,0,0
0,0,0,0,0,0
0,0,0,0,0,0
0,0,0,0,0,0
0,-0.000540311,0,0,0,0
0,-0.00102717,0,0,0,0
0,-0.000955815,0,0,0,0
0,0,0,0,0,0
0,0,0,0,0,0
0,0,0,0,0,0
0,0,0,0,0,0
0,0,0,0,-0.000961163,0
0,0,0,0,-5.45545e-05,0
0,0,0,0,-0.000765276,0
0,0,0,0,-0.000676033,0
0,0,0,-0.00201017,-0.00158274,0.000561323
0,0,0,0,-0.00309151,0
0,0,0,-0.000240961,-0.00420711,0
0,0,0,-0.00102295,-0.00436256,0
0,0,0,-0.000683534,-0.00632366,0
0,0,0,-0.0156609,-0.0237751,0.0188336
0,0,0,-0.0149952,-0.0231373,0.0169282
0,0,0,-0.0155715,-0.0196023,0.0161515
0,0,0,-0.0154497,-0.0200927,0.0162338
0,0,0,-0.016208,-0.0240559,0.0155479
0,0,0,-0.02925,-0.0364355,0.0127785
0,0,0,-0.0276777,-0.0352633,0.0129529
0,0,-0.00104508,-0.0276518,-0.039489,0.0146978
0,0,-0.000265779,-0.0274832,-0.0362802,0.0144427
0,0,0,-0.0272273,-0.0314896,0.0154072
0,0,0,-0.0291698,-0.0302083,0.0182683
0,0,4.30574e-05,-0.0269907,-0.0315476,0.0166247
0,0,-0.00652705,-0.0112432,-0.00150766,0
0,0,-0.00539086,-0.0134269,-0.00552229,0
0,0,-0.00539105,-0.0134278,-0.00552066,0
0,0,-0.00539065,-0.0134284,-0.00552052,0
0,0,-0.00539092,-0.0134272,-0.00552148,0
0,-0.000371733,-0.00282476,-0.0144175,0,0
0,-0.000436063,-0.00216437,-0.0140617,0,0
0,-0.000437513,-0.00158881,-0.0133179,0,0
0,-0.000433227,-0.00169341,-0.0130121,0,0
0,-0.000159058,-0.00169336,-0.0131062,0,0
0,0,-0.00146093,-0.0133125,0,0
0,0,-0.00149556,-0.0132822,0,0
0,0,-0.000836195,-0.012967,0,0
0,0,-0.00114589,-0.0131523,0,0
0,0,-0.00111311,-0.0131685,0,0
0,0,-0.0017988,-0.0131264,0,0
0,0,-0.00101632,-0.0129216,0,0
0,0,-0.00156374,-0.0126393,0,0
2.59004e-05,0,-0.000143471,-0.0102333,0,0
3.41793e-05,0,-0.000327995,-0.0105827,0,0
3.5754e-05,0,-0.000327845,-0.0105164,0,-0.00249005
0,0,0,-0.0110315,0,0
0,0,0,-0.011061,0,0
0,0,-0.000713494,-0.0116244,0,0
0.000923897,0,-0.000336257,-0.0122368,0,0
0.000818801,0,-0.00119909,-0.0125852,0,-0.00106561
0.00112128,0,-0.00106984,-0.0126928,0,-0.00168111
0.00108538,0,-0.00107016,-0.0130509,0,-0.000204372
0.0013924,0,-0.000857765,-0.0126118,0,-0.00109107
0.0010637,0,-0.00289351,-0.0162318,0,-0.00401667
0.00079625,0,-0.00257478,-0.0155621,0,-0.00303519
0.00113136,0,-0.00309208,-0.0158706,0,-0.00223635
0.000795803,0,-0.00275473,-0.015324,0,-0.00305759
0.000831057,0,-0.00385761,-0.0156494,0,-0.00256728
0.000827008,0,-0.00369686,-0.0160102,0,-0.00234988
0.000826787,0,-0.00369703,-0.0159515,0,-0.00239294
0.00113067,0,-0.00316051,-0.0158439,0,-0.00247188
0.00140537,0,-0.00377759,-0.0164386,0,-0.00205443
0.00126728,0,-0.00385446,-0.0148676,0,0
0.000674809,0,-0.00329052,-0.0152615,0,-0.000384445
0,0,-0.00284366,-0.0146991,0,-0.0002779
0,0,-0.00292049,-0.014885,0,-0.000300772
0,0,-0.00240864,-0.0141594,0,-0.00125036
0,0,-0.000721659,-0.0113489,0.00105987,-0.00123286
0,0,-0.00163415,-0.0120741,0,-0.000744049
0,0,-0.00130361,-0.0117542,0,-0.00143247
0,0,-0.00156602,-0.0120686,0,-0.000183023
0,0,-0.00153158,-0.0120297,0,-0.000342374
0,0,-0.00225004,-0.0118911,0,-0.000849006
0,0,-0.00142932,-0.0120456,0,-0.00305995
0.000419861,0,-0.00114487,-0.00820209,0.00312297,0
0.000456377,0,-0.00213573,-0.0098693,0.000923127,0
0,0,-0.00300106,-0.00957169,0.000220791,0
0,0,-0.00284661,-0.00959075,0.000372975,0
0.00380579,0,0,0,0.00939574,0
0.0020156,0,0,0,0.0071171,0
0.00120619,0,0,0,0.00620189,0
0.0016311,0,0,0,0.00664979,0
0.00224883,0,0,0,0.00132557,0
0,0,0,0,0,-0.00183404
0,0,0,0,0,-0.000875653
0,0,0,0,0,-0.000110349
0,0,0,0,0,-0.000917771
-0.000164074,0,0,0,0,-6.98992e-05
0,0,0,0.00286822,0,-0.00239392
0,0,0,0.00117409,0,-0.00206927
0,0,0,0.00106127,0,-0.00264738
0,0,0,0.000965853,0,-0.00280215
0,0,0,0.00163201,0,-0.00314352
0.00188066,0,0,0,0,-0.00083957
0.0010286,0,0,0,0,-0.0017221
0.0010982,0,0,0,0,-0.00329822
0.000798353,0,0,0,0,-0.00340319
0.00083244,0,0,0,0,-0.00329168
0.000833563,0,0,0,0,-0.00187367
-1.8989e-05,0,0,0,0,-0.000552455
0.000631531,0,0,0,0,-0.00104602
0.000280069,0,0,0,0,0
0,0,0,0,0,-0.00146411
0,0,0,0,0,-0.000460404
0,0,0,0,0,-0.000925932
0,0,0,0,0,-0.00015095
0,0,0,0,0,-0.000508965
0,0,0,0,0,-0.00170414
0,0,0,0,0,-0.00150569
0,0,0,0,0,-0.00190579
0,0,0,0,0,-0.001849
0,0,0,0,0,-0.00092254
0,0,0,0,0,-0.000663148
0,0,0,0.000491496,0,-0.00206327
0,0,0,0.000891295,0,-0.00246793
0,0,0,0.00135314,0,-0.00195624
0,0,0,0.00122533,0,-0.00173325
0,0,0,0.000672092,0,-0.00211447
0,0,0,0.00131318,0,-0.00287464
0,0,0,0.000895169,0,-0.00172849
0,0,0,0.00273933,0,-0.00261135
0,0,0,0.00262241,0,-0.00259749
0,0,0,0.00277581,0,-0.00275276
0,0,0,0.00275098,0,-0.00272992
0,0,0,0.00248781,0,-0.00154915
0,0,0,0.00284705,0,-0.00208464
0,0,0,0.0034211,0,-0.00223089
0,0,0,0.00490663,0,-0.00256555
0,0,0,0.00452485,0,-0.0032409
0,0,0,0.00482058,0,-0.00551559
0,0,0,0.0025327,0,-0.00252269
0,0,0,0.00255726,0,-0.00230907
0,0,0,0.00236724,0,-0.00233808
0,0,0,0.00280846,0,-0.00304457
0,0,0,0,0,-0.000353127
0,0,0,0,0,-0.00130516
0,0,0,0,0,-0.000992721
0,0,0,0,0,-0.00238842
0,0,0,0,0,-0.0037917
0,-0.00320186,0,0,0,0
0,-0.00281848,0,0,0,0
0,-0.0031652,0,0,0,0
0,-0.00277978,0,0,0,0
0,0,0,0,0,0
0,0,0,0,0,0
0,-0.000911702,0,0,0,0
0,-0.00111722,0,0,0,0
0,2.92108e-05,0,0,0,0
0,0,0,0,0,0
0,0,0,0,0,0
0,0,0,0,0,0
0,0,0,0,0,0
0,0,0,0,0,0
0,0,0,0,0,0
0,0,0,0,0,0
0,0,0,0,0,0
0,0,0,0,0,0
0,0,0,0,0,0
0,0,0,0,0,0
0,0,0,0,0,0
0,0,0,0,0,0
0,0,0,0,0,0
0,0,0,0,0,0
0,0,0,0,0,0
0,0,0,0,0,0
0,0,0,0,0,0
0,0,0,0,0,0
0,0,0,0,0,0
0,0,0,0,0,0
0,0,0,0,0,0
0,0,0,0,0,0
0,0,0,0,0,0
0,0,0,0,0,0
0,0,0,0,0,0
0,0,0,0,0,0
0,0,0,0,0,0
0,0,0,0,0,0
0,0,0,0,0,0
0,0,0,0,0,0
0,0,0,0,0,0
0,0,0,0,0,0
0,0,0,0,0,0
0,0,0,0,0,0
0,0,0,0,0,0
0,0,0,0,0,0
0,0,0,0,0,0
0,0,0,0,0,0
0,0,0,0,0,0
0,0,0,0,0,0
0,0,0,0,0,0
0,0,0,0,0,0
0,0,0,0,0,0
0,0,0,0,0,0
0,0,0,0,0,0
0,0,0,0,0,0
0,0,0,0,0,0
0,0,0,0,0,0
0,0,0,0,0,0
0,0,0,0,0,0
0,0,0,0,0,0
0,0,0,0,0,0
0,0,0,0,0,0
0,0,0,0,0,0
0,0,0,0,0,0
0,0,0,0,0,0.000521323
0,0,0,0,0,-0.000763898
0,0,0,0,0,-0.000658886
0,0,0,0,0,-0.0006904
0,0,0,0,0,-0.00187036
0,0,0,0,0,-0.00219289
0,0,0,0,0,-0.00358417
0,0,0,0,0,-0.0048816
0,0,0,0,0,-0.00570962
0,0,0,-0.000214443,0,-0.00623856
0,0,0,0.00128634,0,-0.00737402
0,0,0,0.00112848,0,-0.00719343
0,0,0,0.00135498,0,-0.00694292
0,0,0,0.00197745,0,-0.00744723
0,0,0,0.00154089,0,-0.00681193
0,0,0,0,0,-0.00327167
0,0,0,0,0,-0.000825011
0,0,0,0,0,-0.00123554
0,0,0,0,0,0.000153594
0,0,0,0,0,0
0,0,0,0,0,0
0,0,-0.000856023,0,-0.00570873,0.0116098
0,0,-0.000914112,0,-0.00329996,0.00962096
0,0,-0.000946609,0,-0.00347154,0.00965194
0,0,-0.000945832,0,-0.00347033,0.00964855
0,0,-0.0013855,0,-0.00443084,0.00926942
0,0,-0.00131853,0,-0.00427983,0.00932059
0,0,-0.00161329,0,-0.00123954,0.0122252
0,0,-0.00156936,0,-0.00170609,0.011805
0,0,-0.00134015,0,-0.00266277,0.0139534
0,0,-0.00208146,0,-0.00551604,0.0125146
0,0,-0.00105339,0,-0.00348816,0.0120735
0,0,0,0,-0.000348629,0.0103829
0,0,0,0,1.0463e-05,0.00942463
0,0,0.000100091,0,-0.00052068,0.0085931
0,0,-0.00024363,0,-0.00178723,0.00929889
0,0,-4.76225e-05,0,-0.00197034,0.00712836
0,0,-0.000651976,0,-0.000869223,0.00783979
0,-6.001e-05,-0.00075783,0,-0.00235516,0.00585396
0,-0.000334003,6.83764e-06,0,-0.000536762,0.00561028
0,-3.06876e-05,-9.74609e-05,0,-0.00109295,0.00677922
0,-0.0015099,-0.00108954,0,-0.00126282,0.00563046
0,-0.001651,1.52818e-05,0,0,0.00593127
0,-0.00161226,-0.000669478,0,-0.00152277,0.00647677
0,-0.0016127,-0.000207247,0,-0.00151271,0.00645717
0,-0.001296,0,0,0,0.00685509
0,0,-0.00107612,0,0,0.00602544
0,0,-0.000737453,0,-0.000337712,0.00319166
0,0,-0.000768777,0,-0.000521599,0.00360347
0,0,0,0,0,0.00200924
0,0,0,0,0,0.00204145
0,0,0,0,0,0.00604332
0,0,0,0,0,0.006181
0,0,0,0,0,0.00602194
0,0,0,0,-0.000235089,0.0054849
0,0,0,0,0,0.00422422
0,0,0,0,0,0.00441875
0,0,0,0,0,0.00417066
0,0,0,0,0,0.00550059
0,0,0,0,-0.000819108,0.00453686
0,0,0,0,-1.28911e-05,0.0039965
0,0,0,0,0,0.00346633
0,0,0,0,0,0.00283867
0,0,0,0,0,0.00278712
0,0,0,0,0,0.00413481
0,0,0,0,0,0.00394574
0,0,0,0,0,0
0,0,0,0,0,0
0,0,0,0,0,0
0,0,0,0,0,0
0,0,0,0,0,0
0,0,0,0,0,0
0,0,0,0,0,0
0,0,0,0,0,0
0,0,0,0,0,0
0,0,0,0,0,0
0,0,0,0,0,0
0,0,0,0,0,0
0,0,0,0,0,0
0,0,0,0,0,0
0,0,0,0,0,0
0,0,0,0,0,0
0,0,0,0,0,0
0,0,0,0,0,0
0,0,0,0,0,0
0,0,0,0,0,-0.00190357
0,0,0,0,0,-0.00105451
0,0,0,0,0,-0.00213782
0,0,0,0,0,-0.00326005
0,0,0,0,0,-0.00358739
0,0,0,0,0,-0.0046556
0,0,0,0,0,-0.00446876
0,0,0,0,0,-0.00447155
0,0,0,0,0,-0.00597711
0,0,0,0,0,-0.00737173
0,0,0,0,0,-0.00883937
0,0,0,0,0,-0.0093836
0,0,0,0.000180079,0.00202937,-0.026492
0,0,0,0.000352417,-5.66874e-05,-0.0220844
0,0,0,0.00032929,0,-0.0233128
0,0,0,0.000720783,0,-0.0252038
0,0,0,0.000443274,0,-0.023901
0,0,0,0.000254559,0,-0.0253057
0,0,0,0.00028663,0,-0.0251241
0,0,0,0.000435432,0.00148303,-0.029266
0,0.000322243,0,0.000249084,0.00277266,-0.0276189
0,0.000421357,0,0,0.00143489,-0.0285443
0,0.00067822,0,0.000272192,0.00166701,-0.0294491
0,0.0012429,0,0,0.00277201,-0.0288408
0,-5.09881e-05,0,0.000650624,0.000222028,-0.0300387
0,0.000640368,0,0.00081815,0.00168972,-0.0292292
0,0.000575357,0,0.000785591,0.00151281,-0.0293196
0,0.00117006,0,0.000453408,0.000678188,-0.0289391
0,0.00110074,0,0.00128369,0.000642368,-0.0307954
0,0.00141403,0,0.00102878,0,-0.0305716
0,0.00137826,0,0.000602025,0,-0.0310582
0,0.000765493,0,0.00105795,0,-0.0329697
0,0.000217521,0,0.00167281,0,-0.0315725
0,0.00086521,0,0.00151798,0.0014442,-0.0309995
0,0.00140692,0,0.00118731,0,-0.030801
0,0.00165312,0,0.00126375,0.00179941,-0.0321354
0,0.00194229,0,0.001118,0.00306879,-0.0326534
0,0.000256377,0,0,0,-0.02675
0,0.000157758,0,0,0.00229784,-0.0290692
0,0.00105783,0,0,0.000777552,-0.0251489
0,0.000366785,0,0,0,-0.0287306
0,0.00774913,0,0,0.00460645,-0.016397
0,0.00638943,0,0,0.00447127,-0.0200297
0,0.00721561,0,0,0.00379264,-0.0175919
0,0.00711929,0,0,0.00388893,-0.0179789
0,0.0071156,0,0,0.00388813,-0.017975
0.000248671,0.0102072,0,0,0.00313376,-0.00733458
0.000256796,0.0106444,0,0,0.00755604,-0.00743637
-1.57905e-05,0.0105405,0,0,0.00591205,-0.00906594
1.43741e-05,0.0105431,0,0,0.00605943,-0.00885259
0,0.0113723,0,0,0.00839477,-0.00834442
0,0.0116876,0,0,0.0055042,-0.00845527
0,0.0120511,0,0,0.00401809,-0.00797567
0,0.0124203,0,0,0.0034173,-0.00730911
2.14893e-05,0.0123649,0,0,0.00392701,-0.00787024
1.95677e-05,0.0123678,0,0,0.00140165,-0.00871148
0.000576498,0.0127935,0,0,0.00591713,-0.00900828
0.00051025,0.0127358,0,0,0.00524395,-0.0089537
0.00143855,0.0114051,0,0,0.0117325,-0.0209771
0.00164425,0.0124131,0,0,0.00847385,-0.0186958
0.00294303,0.0135778,0,0,0.00979388,-0.0172023
0.00244245,0.0155793,0,0,0.00955888,-0.0134716
0.00182337,0.0157374,0,0,0.00779298,-0.0148641
0.00157589,0.0152483,0,0,0.00650923,-0.0175204
0.000689744,0.0144349,0,0,0.0062754,-0.0200728
0.000793614,0.0145374,0,0,0.00783627,-0.0191235
0,0.00495238,0,0,0.00286693,-0.0259158
0.000242558,0.00642414,0,0,0.00277089,-0.023004
0.000302929,0.00637982,0,0,0.00289824,-0.0232772
0.000587615,0.00676439,0,0,0.00506486,-0.022244
0.000847903,0.00749936,0,0,0.00530438,-0.0210306
0.000243226,0.0081921,0,0,0.0068051,-0.02087
3.29802e-05,0.00809453,0,0,0.00720823,-0.0233077
0,0.00769755,0,0,0.00489378,-0.0260508
0,0.00232036,0,0,0.00270156,-0.0249555
0,0.00361347,0,0,0.00564954,-0.0254651
0,0.00498389,0,0,0.00778077,-0.0241741
0,0.00480937,0,0,0.00737476,-0.0243491
0,0.00437379,0,0,-0.00103384,-0.00986862
0,0.00334569,0,0,0,-0.0139529
0,0.00347056,0,0,0,-0.0136454
0,0.00243308,0,0,0,-0.014653
0,0.00221984,0,0,0,-0.0122156
0,0.00225583,0,0,0,-0.00909853
0,0.00192805,0,0,0,-0.00751656
0,0.00164086,0,0,0,-0.00618191
0,0.000749736,0,0,0,-0.00687308
0,4.84312e-06,0,0,0,-0.00713839
0,0.00037053,0,0,0,-0.0031298
0,6.21328e-05,0,0,0,-0.00218546
0,0,0,0,0,0
0,0,0,0,0,0
0,0,0,0,0,0
0,0,0,0,0,0
0,0,0,0,0,0
0,0,0,0,0,0
0,0,0,0,0,0
0,0,0,0,0,0
0,-0.00268231,0,0.000104745,0,0.00283808
0,-0.00266759,0,0.000445134,0,0.00303628
0,0,0,0.000563908,-0.00260116,0.0162358
0,-0.000144747,0,0.00118629,-0.0039471,0.0108285
0,-0.000986464,0,0.00126151,-0.00181932,0.0115943
0,-0.00185846,0,0.00177708,-0.00312314,0.0108593
0,-0.00344153,0,0.00230339,-0.00450489,0.00777884
0,-0.00394607,0,0.00315169,-0.00207773,0.00791678
0,-0.0035038,0,0.00216955,-0.00166195,0.0103671
0,-0.00201374,0,0.000884866,-0.00665478,0.0106395
0,-0.00356188,0,0.00176489,-0.00538268,0.00703179
0,-0.0037508,0,0.00209666,-0.006532,0.0081491
0,-0.00335157,0,0.00183272,-0.00578592,0.0111476
0,-0.00339184,0,0.00134823,-0.00829856,0.0124747
0,0,0,0,0,0.012189
0,0,0,0,0,0.0122021
0,0,0,0,0,0.0121989
0,0,0,0,0,0.0122007
0,0,0,0,0,0.0121991
0,0,0,0,0,0.0121937
0,0,0,0,0,0.000130021
0,0,0,0,0,0.00167676
0,0,0,0,0,0.00168383
0,0,0,0,0,0.00337065
0,0,0,0,0,0.00487532
0,0,0,0,0,0.0065343
0,0,0,0,0,0.00705664
0,0,0,0,0,0.00767965
0,-0.00182305,0.000100706,0,-0.00327239,0.00892654
0,-0.00199942,-2.00592e-05,0,-0.00397531,0.00872946
0,-0.00233174,-0.000186328,0,-0.00719102,0.00896434
0,-0.00263187,0,0,-0.00305545,0.00942841
0,-0.0032806,0,0,-0.00290985,0.00937291
0,-0.00523197,0,0,-0.00706676,0.016569
0,-0.00573606,0,-0.000138382,-0.00548108,0.0142843
0,-0.00717837,0,0.000465863,-0.00461692,0.0114335
0,-0.00699524,0,0.000412113,-0.00477452,0.0118555
0,-0.00857589,0,0.00052185,-0.00861863,0.00985518
0,-0.00918218,0,0.000616218,-0.00955916,0.0108347
0.000191605,-0.00868281,0,0.000296761,-0.0135066,0.0144992
0,-0.0117396,-0.00368115,0,-0.0101845,0.0208901
0,-0.011364,-0.00206929,0,-0.00696541,0.0192413
0,-0.0113602,-0.00221661,0,-0.0075215,0.0193363
0,-0.010945,-0.00221673,0,-0.00891878,0.0198143
0,-0.0109966,-0.00105031,0,-0.00488262,0.019219
0,-0.0109935,-0.000997975,0,-0.00521446,0.0193015
0,-0.0109931,-0.000818638,0,-0.00511623,0.019302
0,-0.0109927,-0.00106191,0,-0.00561894,0.0188543
0,-0.0105782,-0.00147421,0,-0.00764886,0.0188756
0,-0.00980391,-0.00163739,0,-0.00796725,0.0191726
0,-0.00868849,-0.00114928,0,-0.00592104,0.0200462
0,-0.00803765,-0.000996916,0,-0.00544322,0.0198192
0,-0.0107602,-0.00163313,0,-0.00614895,0.00400147
0,-0.0100197,-0.00154105,0,-0.00780682,0.00868834
0,-0.0104811,-0.000472445,0,-0.00358354,0.00815349
0,-0.01043,-0.000244845,0,-0.00242027,0.0086978
0,-0.0104324,-0.00109977,0,-0.00490771,0.0090121
0,-0.00523181,-0.00521541,0,-0.00604595,0.0145647
0,-0.00582982,-0.00424303,0,-0.00764321,0.0156593
0,-0.00621538,-0.00267199,0,-0.00631992,0.0152689
0,-0.0061679,-0.00120422,0,-0.00462112,0.0155018
0,-0.00616425,-0.00144178,0,-0.00490765,0.0154771
0,-0.00616399,-0.000998632,0,-0.0041875,0.0155496
0,-0.00616365,-0.000850312,0,-0.00383207,0.0157557
0,-0.0061622,-0.00131644,0,-0.00476286,0.016161
0,-0.00999625,-0.000321134,0,-0.007065,0.00808942
0,-0.0107419,0,0,-0.00307273,0.00685766
0,-0.010589,0,0,-0.00279074,0.00725476
0,-0.00895478,0,0,-0.00522639,0.0104374
0,-0.00795022,0,0,-0.000198167,0.0103852
0,-0.00691707,0,0,-0.00183095,0.00980008
0,-0.00627939,0,0,-0.000314444,0.00848553
0,-0.00637356,0,0,-0.000527878,0.00868386
0,-0.00523206,0,0,-4.66285e-06,0.00949457
0,0.00132322,0,0,0,0
0,0.000341587,0,0,0.000989574,0
0,0.00189906,0,0,0.00259334,0
0,0.00271301,0,0,0.00139142,0
0,0.00258911,0,0,0.00137777,0
0,-0.000114467,0.00165277,0,0.00244182,-0.00225509
0,0.000727374,0.00129046,0,0.00305401,-4.0075e-05
0,0.00126267,0.000857257,0,0.00389917,-3.80709e-05
0,0.002832,0.000712949,0,0.00604595,0
0,0.00237128,0.00454709,0,0.00925988,-0.00396546
0,0.00451802,0.00338119,0,0.00848257,0
0,0.0049928,0.00217067,0,0.00635975,0.000324645
0,0.00490337,0.00117329,0,0.00478284,-0.00256852
0,0.00453367,0.000498296,0,0.00397621,-0.00443815
0,0.00421193,0.000617235,0,0.00510506,-0.00492899
0,0.00389513,0.000617187,0,0.00486836,-0.00440676
0,0.00358358,0.00103082,0,0.00564241,-0.00346084
0,0.00326802,0.000557679,0,0.00307143,-0.00304301
0,0.00261888,0.00103149,0,0.00376806,-0.00436739
0,0.00327699,0,0,0.00399085,-0.00368777
0,0.00320639,0,0,0.00394694,-0.00376238
2.4703e-05,0.00464674,0,0,0.00581827,-0.000880476
0.000312573,0.00447282,0,0,0.00395205,-0.0026623
0,0.00374716,0,0,0.00481971,-0.00576788
0,0.00347926,0,0,0.00599927,-0.00693004
0.000495065,0.0036715,0,0,0.00980803,2.08654e-05
0.00106227,0.00437284,0,0,0.00688449,-0.00101703
0,0.00356806,0,0,0.00672653,-0.00407132
0,0.00365231,0,0,0.00680591,-0.00361742
0,0.00260667,0,0,0.00357476,-0.00620544
0.000820712,0,0,0,0.00300048,-0.00261591
0.000841512,0,0,0,0.00665504,0.000362025
0.00026675,0,0,0,0.00559194,-0.000586523
0.0012183,0,0,0,0.00429991,-0.00215746
0.00142441,0,0,0,0.00439672,0
0.00289387,0.000270369,0,0,0.00312952,-0.00072826
0.00203694,0.00052875,0,0,0.00738989,-0.00174253
0.00147001,0.000247202,0,0,0.00250623,-0.00368725
0.000339107,0.000277932,0,0,0.00700014,-0.00440656
0.000473717,0.000276932,0,0,0.00637372,-0.0042606
0.00192547,0,0,0,0.0057977,-0.00249166
0.0024106,0,0,0,0.00597992,-0.00205031
0.00135527,0,0,0,0.00765082,-0.00312027
0.00146859,0,0,0,0.00800993,-0.00396904
0.000849574,0,0,0,0.0039064,-0.00268782
0.000185815,0,0,0,0.0101742,-0.00320464
0.000266044,0,0,0,0.00925278,-0.00315046
0.000265352,0,0,0,0.00925121,-0.00315117
0.000266417,0,0,0,0.00925267,-0.0031497
0.000266648,0,0,0,0.00925251,-0.00315566
0.000260629,0,0,0,0.00925264,-0.00314578
0.000266455,0,-0.00210486,0,0.00366299,-0.00169109
0.000268267,0,-0.00112366,0,0.00727506,-0.00156134
0.000268789,0,-0.00118898,0,0.0068322,-0.00161185
0.00084134,0,-0.00212342,0,0.00409423,-0.00217824
0.00077692,0,-0.000638086,0,0.0108286,-0.000674409
0.000778241,0,-0.00103577,0,0.00933743,0
-4.66497e-05,0,-0.00138484,-0.000694994,0.0114003,-0.000297402
4.28197e-05,0,-0.00132685,-0.000683994,0.010009,-0.000868565
0,0.000686451,-0.0015557,-0.000972217,0.00915376,-0.000225509
0,0.000636077,-0.00223926,-0.00200528,0.00605171,-0.000755623
0,7.473e-05,-0.00288717,-0.00156274,0.00429983,-0.00147012
0,0,-0.00303297,-0.00168946,0.00411897,-0.0014147
0.00123731,0,0,0,0.00279444,0
0.00109214,0,0,0,0.0023262,0
0.000787984,0,0,0,0.0041958,-0.000102748
0,0,0,0.000199507,0.0081881,-0.000143721
0,0,0,-0.000839715,0.00968336,0
0,0,0,-0.000643035,0.0053306,0
0.000690187,0,0,0,0,-0.000980301
0.00131743,0,0,0,0,0
0.00124402,0,0,0,2.23657e-05,0
0.000935414,0,0,0,0.000708892,0
0.000114709,0,0,0,0.00202563,0
0,0,0,0,0.00129474,0
0.000203485,0,0,0,0.00533477,0
0,0,0,0,0.00429047,0
0,0,0,0,-0.000581188,-0.0014931
0,0,0,0,0,-0.000282229
0,0,0,0,0,0
0,0,0,0,0.000615918,0
0,0,0,0,0,0
0,0,0,0,0,0
0,0,0,0,0,0
3.83151e-05,0,0,0,0,0
0.000333833,0,0,0,0,0
0,0,0,0,0,0
0,0,0,0,1.35523e-06,0
0,0,0,0,8.65947e-05,0
0,0,0,0,0.00118461,0
0,0,0,0,0,0
0,0,0,0,0,0
0,0,0,0,0.000437773,0
0,0,0,0,0,0
0,0,0,0,0,0
0,0,0,0,0,0
0,0,0,0,0,0
0,-0.000148026,0,0,0,0
0,-0.000390344,0,0,0,0
0.00062262,-8.55604e-05,0,0,0,0
0.000303567,-0.000115922,0,0,0,0
0.000618857,-0.000117221,0,0,0,0
0.000583715,-0.000115413,0,0,0,0
2.94196e-05,-0.00038935,0,0,0,0
0,-0.000359773,0,0,0,0
0,-0.000358786,0,0,0,0
0,-0.000644648,0,0,0,0
0,-0.00121337,0,0,0,0
9.21823e-05,-0.00145526,0,0,0,0
0,-0.00141921,0,0,0,0
9.15157e-05,-0.00173848,0,0,0,0
9.26743e-05,-0.00170138,0,0,0,0
0.000364597,-0.00137969,0,0,0,0
0.00033442,-0.00141905,0,0,0,0
6.00379e-05,-0.00141625,0,0,0,0
0.000364087,-0.00110734,0,0,0,0
5.68838e-05,-0.00113973,0,0,0,0
9.05182e-05,-0.00114354,0,0,0,0
0,-0.00114257,0,0,0,0
0,-0.00114009,0,0,0,0
0,-0.00145278,0,0,0,0
8.56369e-05,-0.00206352,0,0,0,0
0,-0.00198337,0,0,0,0
0,-0.00198643,0,0,0,0
0,0,0,0.00118109,0,0
0,0,0,0.000359037,0,0
0,0,0,0.000798608,0,0
0,0,0,0.00111089,0,0
0,0,0,0.000319326,0,0
0,0,0,0.00103744,0,0
0,0,0,0.00392334,0,0
0,0,0,0.00339565,0,0
0,0,0,0.0034089,0,0
0,0,0,0.00382656,0,0
0,0,0,0.00355745,0,0
0,0,0,0.00379677,0,0
0,0,0,0.00376631,0,0
0,0,0,0.00308194,0,0
0,0,0,0.00347678,0,0
0,0,0,0.00319656,0,0
0,0,0,0.00334819,0,0
0,0,0,0.00383841,0,0
0.000540603,0,0,0.00168657,0,0
0.000207235,0,0,0.00172189,0,0
0,0,0,0.00198819,0.0011113,0
-2.94461e-05,0,0,0.00195479,0.0010194,0
0,0,0,0.00212784,0.000453242,0
0,0,0,0.00184372,0.000187584,0
0,0,0,0.00162312,0,0
0,0,0,0.00868787,0,0
0,0,0,0.00846616,0,0
0,0,0,0.00893397,0,0
0,0,0,0.0105112,0,0
0,0,0,0.0105378,0,0
0,0,0,0.0117539,0,0
0,0,0,0.0222564,0,0
0,0,0,0.0212388,0,0
0,0,0,0.0218378,0,0
0,0,0,0.022082,0,0
0,0,0,0.0131709,0,0
0,0,0,0.0147681,0,0
0,0,0,0.0137966,0,0
0,0,0,0.0144589,0,0
0,0,0,0.0139576,0,0
0,0.00117546,0,0.0100703,0,0
0,0.000234641,0,0.0103615,0,0
0,0.000299253,0,0.0102655,0,0
0,2.76035e-05,0,0.0103857,0,0
0.00032765,5.76229e-05,0,0.010506,0,0
0.000864536,0,0,0.0106212,0,0
0.000223957,0,0,0.0112098,0,0
0.00057344,0,0.00026662,0.0115661,0,0
0.000540362,0,-0.000129221,0.0115014,0,0
0.000259585,0,0,0.0113649,0,0
0.000406758,0.000732229,0,0.0198429,0,0
0.000122297,0.000647588,-0.000241465,0.0188663,0,0
0.000425433,0.000950301,-0.000224717,0.0187086,0,0
0.000395354,0.000913477,-0.000224397,0.0187259,0,0
0.000119997,0.000619759,-0.000405724,0.0192098,0,0
0.000151598,0.00065132,-0.000377046,0.0191398,0,0
0.000151333,0.00125571,-0.000197158,0.0183205,0,0
0.000154137,0.000882008,-5.42539e-05,0.0188476,0,0
0,0.00164032,-0.000504327,0.0148862,0,0
0,0.00155446,-0.000436015,0.0154444,0,0
0,0.00124089,-8.01622e-05,0.0161291,0,0
0,0.00159123,0,0.0159212,0,0
0,0.00122449,0,0.0132863,0,0
0,0.00126233,-3.36738e-05,0.0133154,0,0
0,0.00190033,0,0.0140696,0,0
0,0.00282765,0,0.0135101,0,0
0,0.00203789,-0.000217345,0.0138575,0,0
0,0.0021138,-2.36807e-05,0.0144532,0,0
0,0,0,0.0120881,0,0
0,0,0,0.0127964,0,0
0,-5.1398e-05,0,0.0128796,0,0
0,0.000742739,0,0.0118903,0,0
0,0.00127911,0,0.0124446,0,0
0,0,0,0.00448148,0,0
0,0.00136563,0,0.00507184,0.000942806,0
0,0.00266071,-3.44151e-05,0.00477415,0,0
0,0.00354167,-0.00077216,0.00455217,0,0
0,0.00341549,-0.000456175,0.00502036,0,0
0,0.00306939,-0.000123149,0.00492656,0,0
0,0.00242518,-0.00074227,0.00517727,0,0
0,0.00250386,-0.000651414,0.00514149,0,0
0,0.00120693,-0.000856424,0.00452934,0,0
0,0.000171862,-0.000621388,0.00443478,0,0
0,0,0,0.00522639,0,0
0,0.000471978,0,0.00172784,0,0
0,0.00134924,0,0.00228909,0.00123675,0
0,0.00220665,9.56964e-05,0.00259685,0,0
0,0.00346388,-9.50213e-06,0.00225907,0,0
0,0.00365105,-9.47239e-06,0.00297253,0,0
0,0.00433045,0,0.00258255,0,0
0,0.00424618,0,0.00285791,0,0
0,0.00424609,0,0.00282431,0,0
0,0.00388482,0,0.00261973,0,0
0,0.00286931,0,0.00250409,0,0
0,0.00198268,0,0.00290392,0,0
0,0.00113729,0,0.00323289,0,0
0,-0.00467765,0,0,0,0
0,-0.00424778,0,0,0,0
0,-0.00420447,0,0,0,0
0,-0.00384532,0,0,0,0
0,-0.00283188,0,0,0,0
0,-0.00295522,0,0,0,0
0,0,0,0,0,0
0,0,0,0,0,0
0,0,0,0,0,0
0,0,0,0,0,0
0,0,0,0,0,0
0,0,0,0,0,0
0,0,0,0,0,0
0,0,0,0,0,0
0,0,0,0,0,0
0,0,0,0,0,0
0,0,0,0,0,0
0,0,0,0,0,0
0,0,0,0,0,0
0,0,0,0,0,0
0,0,0,0,0,0
0,0,0,0,0,0
0,0,0,0,0,0
0,0,0,0,0,0
0,0,0,0,0,0
0,0,0,0,0,0
0,0,0,0,0,0
0,0,0,0,0,0
0,0,0,0,0,0
0,0,0,0,0,0
0,0,0,0,0,0
0,0,0,0,0,0
0,0,0,0,0,0
0,0,0,0,0,0
0,0,0,0,0,0
0,0,0,0,0,0
0,0,0,0,0,0
0,0,0,0,0,0
0,0,0,0,0,0
0,0,0,0,0,0
0,0,0,0,0,0
0,0,0,0,0,0
0,0,0,0,0,0
0,0,0,0,0,0
0,0,0,0,0,0
0,0,0,0,0,0
0,0,0,0,0,0
0,0,0,0,0,0
0,0,0,0,0,0
0,0,0,0,0,0
0,0,0,0,0,0
0,0,0,0,0,0
0,0,0,0,0,0
0,0,0,0,0,0
0,0,0,0,0,0
0,0,0,0,0,0
0,0,0,0,0,0
0,0,0,0,0,0
0,0,0,0,0,0
0,0,0,0,0,0
0,0,0,0,0,0
0,0,0,0,0,0
0,0,0,0,0,0
0,0,0,0,0,0
0,0,0,0,0,0
0,0,0,0,0,0
0,0,0,0,0,0
0,0,0,0,0,0
0,0,0,0,0,0
0,0,0,0,0,0
0,0,0,0,0,0
0,0,0,0,0,0
0,0,0,0,0,0
0,0,0,0,0,0
0,0,0,0,0,0
0,0,0,0,0,0
0,0,0,0,0,0
0,0,0,0,0,0
0,0,0,0,0,0
0,0,0,0,0,0
0,0,0,0,0,0
0,0,0,0,0,0
0,0,0,0,0,0
0,0,0,0,0,0
0,0,0,0,0,0
0,0,0,0,0,0
0,0,0,0,0,0
0,0,0,0,0,0
0,0,0,0,0,0
0,0,0,0,0,0
0,0,0,0,0,0
0,0,0,0,0,0
0,0,0,0,0,0
0,0,0,0,0,0
0,0,0,0,0,0
0,0,0,0,0,0
0,0,0,0,0,0
0,0,0,0,0,0
0,0,0,0,0,0
0,0,0,0,0,0
0,0,0,0,0,0
0,0,0,0,0,0
0,0,0,0,0,0
0,0,0,0,0,0
0,0,0,0,0,0
0,0,0,0,0,0
0,0,0,0,0,0
0,0,0,0,0,0
0,0,0,0,0,0
0,0,0,0,0,0
0,0,0,0,0.000386064,0
0,0,0,0,0,0
0,0,0,0,0,0
0,0,0,0,0.0018963,0
0,0,0,0,0,0
0,0,0,0,0.00176694,0
0,0,0,0,0.00106412,0
0,0,0,0,0.000375936,0
0,0,0,0,0.000499845,0
0,0,0,0,0,0
0,0,0,0,0,0
0,0,0,0,0.0013467,0
0,0,0,0,0.00201856,0
0,0,-0.00306939,0,0.000628024,0
0,0,-0.0025478,0,0.000824351,0
0,0,-0.00254714,0,0.000825481,0
0,0,-0.00254786,0,0.00082455,0
0,0,-0.00254779,0,0.000824628,0
0,0,-0.00280381,0,0.00545444,0
0,0,-0.00225948,0,0.0060876,0
0,0,0,0,-0.00019533,0
0,0,0,0,0.00105471,0
0,0,0,0,0.000938516,0
0,0,0,0,0,0
0,0,0,0,0,0
0,0,0,0,0,0
0,0,0,0,0.00181409,0
0,0,0.00208603,0,0,0
0,0,0.00232556,0,0.00014061,0
0,0,0.00268202,0,0.0021154,0
0,0,0,0.00479159,-4.49494e-05,0
0,0,0,0.00495444,0.000794125,0
0,0,0,0.00489546,0.000285034,0
0,0,0,0.00468183,0,0
0,0,0,0.00532652,0.00117201,0
0,0,-0.00266646,0.00757859,0,0
0,0,-0.00203839,0.00758864,0,0
0,0,-0.00224743,0.00708928,0,0
0,0,-0.00196668,0.00773115,0,0
0,0,-0.00200214,0.00764756,0,0
0,0,-0.00146475,0.0123763,0,0
0,0,-0.000672476,0.0106862,0,0
0,0,-0.00100646,0.0102894,0,0
0,0,-0.00119156,0.0103673,0,0
0,0,-0.0018473,0.0106023,0,0
0,0,-0.0017413,0.011076,0,0
0,0,-0.00174114,0.0110027,0,0
0,0,-0.00298747,0.0111383,0,0
0,0,-0.0027965,0.0110848,0,0
0,0,-0.00254056,0.0111578,0,0
0,0,-0.00160105,0.0110786,0,0
0,0,-0.00150889,0.0103455,0,0
0,0,-0.00318334,0.0093119,0.000262646,0
0,0,-0.00216694,0.00974241,0.00299856,0
0,0,-0.0020316,0.00973555,0.0035711,0
0,0,-0.00206743,0.00989745,0.00404801,0
0,0,-0.00231403,0.00964085,0.00370367,0
0,0,-0.00227711,0.00967332,0.00374207,0
0,0,-0.0022763,0.00987305,0.00483412,0
0,0,-0.00304395,0.00957872,0.00369836,0
0,0,-0.00345531,0.00971688,0.00419469,0
0,0,0.000117868,0.0076181,0,0
0,0,0,0.0084348,0,0
0,0,0,0.00751786,0,0
0,0,0,0.00786515,0,0
0,0,0,0.00712503,0,0
0,0,0,0.00678076,0,0
0,0,0,0.00624266,0,0
0,0,0,0.00554826,0,0
0,0,0,0.00565945,0,0
0,0,0,0.00550397,0,0
0,0,0,0,0,0
0,0,0,0,0,0
0,0,0,0,0,0
0,0,0,0,0,0
0,0.000185597,0,0,0,0
0,-0.00129577,0,0,0,0
0,-0.00115725,0,0,0,0
0,-0.0011573,0,0,0,0
0,-0.00115672,0,0,0,0
0,-0.000865296,0,0,0,0
0,-0.000895483,0,0,0,0
0,-0.000603023,0,0,0,0
0,-0.000637179,0,0,0,0
0,-0.000933326,0,0,0,0
0,-0.00060605,0,0,0,0
0,-0.000637025,0,0,0,0
0,0,0,0,0,0
0,0,0,0,0,0
0,0,0,0,0,0
0,0,0,0,0,0
0,0,0,0,0,0
0,0,0,0,0,0
0,-0.000634931,0,-0.000185164,0,0
0,-0.00155715,0,0.00186713,0,0
0,-0.00113194,0,0.00188082,0,0
0,-0.000863805,0,0.00211112,0,0
0,-0.000896263,0,0.00207323,0,0
0,-0.000602357,0,0.0017007,0,0
0,0,0,0.00126981,0,0
0,0,0,0,0,0
0,0,0,0,0,0
0,0,0,0,0,0
0,0,0,0,0,0
0,0,0,0,0,0
0,0,0,0,0,0
0,0,0,0,0,0
0,0,0,0,0,0
0,0,0,0,0,0
0,0,0,0,0,0
0,-3.68616e-05,0,0,0,0
0,-0.000100803,0,0,0,0
0,0,0,0,0,0
0,0,0,-0.00160247,0,0
0,0,0,-0.00252045,0,0
0,0,0.000222712,-0.00323306,0,0
0,0,0,-0.00378467,0,-0.000518703
0,0,0,-0.00368653,0,-0.000505716
0,0,0,-0.00318003,0,-0.00246379
0,0,0,-0.00366934,0,-0.0024064
0,0,0,-0.00478696,0,-0.0031617
0,0,0,-0.00547601,0,-0.00459611
0,0,0,-0.00532125,0,-0.00505959
0,0,0,-0.00538564,0,-0.00670334
0,-0.00155615,0.00065786,-0.0131348,0,-0.0164762
0,-0.00169604,0,-0.01248,0,-0.0148321
0,-0.00231418,0,-0.0121976,0,-0.0155485
0,-0.00291434,0,-0.0116785,0,-0.0162973
0,-0.00318166,0,-0.0111762,0,-0.0164223
0,-0.00386045,0.00109932,-0.0119816,0,-0.0169725
0,-0.00486406,0.00169305,-0.0113643,0,-0.0189628
0,-0.00510427,0.00182443,-0.0111994,0,-0.0186149
0,-0.00468919,0.00155517,-0.0118149,0,-0.0165328
0,-0.00436555,0.000921168,-0.0119023,0,-0.0157159
0,-0.00440888,0.00101787,-0.0118778,0,-0.0158776
0,-0.00301119,0.00529497,-0.00501179,-0.000143215,-0.0159699
0,-0.00387838,0.0051684,-0.00540129,0.00146347,-0.0166635
0,-0.00489116,0.00395489,-0.00582237,0,-0.0183464
0,-0.00550551,0.00384346,-0.00533802,0,-0.0186642
0,-0.00503959,0.00472276,-0.00561817,0,-0.016271
0,-0.00508665,0.00459664,-0.00558592,0,-0.0166087
0,-0.00508443,0.0040372,-0.00515373,0,-0.0165311
0,-0.00109339,0.00024574,0,0,0.00141185
0,-0.00354233,0.000170243,0,0,-0.00330179
0,-0.00400604,0.000831079,0,0,-0.0029903
0,-0.00428254,0.000947363,0,0,-0.00300726
0,-0.00387903,0.00181568,0,0,-0.0018193
0,-0.00286506,0.00121916,0,0,0
0,-0.00197524,0.00106554,0,0,0
0,-0.00608013,0.00177119,0,0,0
0,-0.0048272,0.00121122,0,0,0
0,-0.00277016,0.000640343,0,0,0
0,-0.00200307,0.00115528,0,0,0
0,0,0.0055122,0,0.00139885,0
0,0,0.00340532,0,0,0
0,0,0.00205719,0,0,0
0,0,0.000680367,0,0,0
0,-0.00316209,0.00468897,0,0,0
0,-0.00338579,0.00352561,0,0,0
0,-0.00299644,0.00529127,0,0,0
0,-0.00202011,0.00590884,0,-3.91586e-05,0
0,0,0.00220077,0,0,0
0,0,0.00348483,0,0,0
0,0,0.00336582,0,0,0
0,0,0.00310062,0,0,0
0,0,0.00565333,0,0,0
0,0,0.00526413,0,-3.74855e-06,0
0,0,0.0041276,0,0,0
0,0,0.00320464,0,0,0
0,0,0.00232796,0,0,0
0,0,0.00698487,0,0.000645381,0
0,0,0.00779421,0,0.00490604,0
0,0,0.00634186,0,0.00219902,0
0,0,0.00562955,0,0.000448241,0
0,0.000206302,0.00576385,0,0,0
0,-3.21451e-05,0.00517934,0,0,0
0,0,0.0076722,0,0.00343903,0
0,0,0.00699508,0,0.00249973,0
0,-0.00159609,0.00470201,0,0,0
0,-0.00204853,0.00562238,0,0,0
0,-0.00230593,0.00672875,0,0.000972765,0
0,-0.00193357,0.00478392,0,0,0
0,-0.00197394,0.00562281,0,0,0
0,-0.00197469,0.0052439,0,0,0
0,-0.00133214,0.00557872,0,0,0
0,-0.00140426,0.00553452,0,0,0
0,-0.00109559,0.00553567,0,0,0
0,0,0,0,0,0
0,0,0,0,0,0
0,-4.80628e-07,0,0,0,0
0,-0.00039797,0,0,0,0
0,-0.00157135,0,0,0,0
0,-0.00142318,0,0,0,0
0,-0.00207032,0,0,0,0
0,-0.00266606,0,0,0,0
0,-0.00258416,0,0,0,0
0,-0.00101323,0,0,0,0
0,-0.00182263,0,0,0,-0.000734969
0,-0.000519597,0,0,0,0
0,-0.000652604,0,0,0,0
0,0,0,0,0,0
0,0.00164686,0,0,0.00052372,0
0,0.00135869,0,0,0.000618438,0
0,0.000460747,0,0,0,0
0,0,0,0,0,0
0,0,0,0,0.000284248,0
0,0,0,0,0,0
0,0,0,0,0,0
0,0,0,0,0.00112245,0
0,0,0,0,0.000259955,0
0,0,0,0,0.00201883,0
0,0.000555011,0,0,0.00422978,0
0.000317077,0.00195254,0,0.00255217,0.000985685,-0.0161428
0.000297717,0.00278195,0,0.00165018,0.00563388,-0.0130253
0,0.00300504,0,0.00130927,0.00503713,-0.0153675
0,0.00296055,0,0.00135544,0.0050227,-0.0150475
0,0.00296436,0,0.00141081,0.00408197,-0.0182412
0.00221149,0.00664689,0,0,0.00375091,-0.00393138
0.00264641,0.00774501,0,0,0.00214719,-0.0028307
0.00223444,0.00874739,0,0,0,-0.000759703
0.00194564,0.00819445,0,0,0.000452274,-0.00234074
0.00231296,0.00784798,-0.00100448,0,0,-0.00323456
0.007507,0.00528233,0,0,4.80397e-05,0
0.0064502,0.00635169,0,0,0,0
0.00687911,0.00626231,0,0,0,0
0.00683979,0.00703402,0,0,0.00118003,0
0.00254823,0.00664356,0,0,0.0064104,-0.00139461
0.00268411,0.00785656,0,0,0.00567679,0
0.00377401,0.00890953,0,0,0.00934413,0
0.00400423,0.0091705,0,0,0.00637802,0
0.00432672,0.00952327,-0.00023353,0,0.00672774,0
0.00355379,0.00965184,-0.00209963,-0.00224414,0.00788239,0
0.00364013,0.00963151,-0.00179263,-0.00170942,0.00769999,0
0.00328583,0.00881799,-0.00304464,-0.00136706,0.00607071,0
0.00332878,0.00891801,-0.00337888,-0.00130324,0.00668783,0
0.00403994,0.00891517,-0.00277565,-0.000980751,0.00811293,0
0.00431428,0.00931518,-0.00234375,-0.00105586,0.00837999,0
0.00217884,0.00886702,-0.00267176,-0.00245406,0.00773339,0
0.00143679,0.00931363,-0.00263358,-0.00291894,0.00987951,0
0,0.000166481,-0.00177573,0.000223754,0.00725195,0
0,0.00106111,-0.00190029,-0.000202266,0.00760705,0
0,0.000465843,-0.0031622,-0.000200898,0.00506085,0
0,0.000250744,-0.00271009,-0.000228878,0.00758999,8.92195e-05
0,0.000279908,-0.00300721,-0.000224193,0.00788559,0
0,0,0,0,-0.000210876,0
0,0,0,0,0.000962353,0
0,0,0,0,-1.67764e-06,0
0,0,0,0,0.0014222,0
0,0,0,-0.000195765,0.00353264,0
0,0,0,-0.000809729,0.00575533,0
0,0,0,-0.00185099,0.00641525,0
0,0,0,-0.00243514,0.00319713,0
0,0,0,-0.00151182,0.00922018,0
0,0,0,-0.00162763,0.00831143,0
0,0,0,-0.00162878,0.00831347,0
0,0,0,-0.00162798,0.00831146,0
0,0,0,-0.00162815,0.00831173,0
0.000900242,0.0034363,-0.00680081,0,-0.0179348,0.0108864
0,0,0,0,0,0
0,0,0,0,0,0
0,0,0,0,0,0
0,0,0,0,0,0
0,0,0,0,0,0
0,0,0,0,0,0
0,0,0,0,0,0
0,0,0,0,0,0
0,0,0,0,0,0
0,0,0,0,0,0
0,0,0,0,0,0
0,0,0,0,0,0
0,0,0,0,0,0
0,0,0,0,0,0
0,0,0,0,0,0
0,0,0,0,0,0
0,0,0,0,0,0
0,0,0,0,0,0
0,0,0,0,0,0
0,0,0,0,0,0
0,0,0,0,0,0
0,0,0,0,0,0
0,0,0,0,0,0
0,-0.000578034,0,0,0,0
0,-0.000483689,0,0,0,0
0,-0.000455128,0,0,0,0
0,-0.000453344,0,0,0,0
0,-0.000172577,0,0,0,0
0,0,0,0,0,0
0,0,0,0,0,0
0,0,0,0,0,0
0,0,0,0,0,0
0,0,0,0,0,0
0,0,0,0,0,0
0,0,0,0,0,0
0,0,0,0,0,0
0,0,0,0,0,0
0,0,0,0,0,0
0,0,0,0,0,0
0,0,0,0,0,0
0,0,0,0,0,0
0,0,0,0,0,0
0,0,0,0,0,0
0,0,0,0,0,0
0,0,0,0,0,0
0,0,0,0,0,0
0,0,0,0,0,0
0,0,0,0,0,0
0,0,0,0,0,0
0,0,0,0,0,0
0,0,0,0,0,0
0,0,0,0,0,0
0,0,0,0,0,0
0,0,0,0,0.00481446,0
0,0,0,0,0,0
0,0,0,0,0,0
0,0,0,0,0,0
0,0,0,0,0,0
0,0,0,0,0,0
0,0,0,0,0,0
0,0,0,0,0,0
0,0,0,0,0,0
0,0,0,0,0,0
0,0,0,0,0,0
0,0,0,0,0,0
0,0,0,0,0,0
0,0,0,0,0,0
0,0,0,0,0,0
0,0,0,0,0,0
0,0,0,0,0,0
0,0,0,0,0,0
0,0,0,0,0,0
0,0,0,0,0,0
0,0,0,0,0,0
0,0,0,0,0,0
0,0,0,0,0,0
0,0,0,0,0,0
0,0,0,0,0,0
0,0,0,0,0,0
0,0,0,0,0,0
0,0,0,0,0,0
0,0,0,0,0,0
0,0,0,0,0,0
0,0,0,0,0,0
0,0,0,0,0,0
0,0,0,0,0,0
0,0,0,0,0,0
0,0,0,0,0,0
0,0,0,0,0,0
0,0,0,0,0,0
0,0,0,0,0,0
0,0,0,0,0,0
0,0,0,0,0,0
0,0,0,0,0.000358841,0
0,0,0,0,0,0
0,0,0,0,0,0
0,0,0,0,0,0
0,0,0,0,0.000679312,0
0,0,0,0,0,0
0,0,0,0,0,0
0,0,0,0,0,0
0,0,0,0,0.0004057,0
0,0,0,0,0,0
0,0,0,0,0,0
0,0,0,0,0,0
0,0,0,0,0,0
0,0,0,0,0.0016146,0
0,0,0,0,0.00142618,0
0,0,0,0,0,0
0,0,0,0,0,0
0,0,0,0,0,0
0,0,0,0,0,0
0,0,0,0,0,0
0,0,0,0,0,0
0,0,0,0,0,0
0,0,0,0,0.00122408,0
0,0,0,0,0,0
8.85572e-05,0,0,0,0,0
0.000185075,0,0,0,0,0
0,0,0,0,0.000280982,0
0,0,0,0,0.00149303,0
0,0,0,0,0,0
0,0,0,0,0.000623253,0
0,0,0,0,0.000733163,0
0,0,0,0,0.00388457,0
0,0,0,0,0.000249964,0
0,0,0,0,0.00187769,0
0,0,0,0,0.000986394,0
0,0,0,0,0,0
