0,-0.00462408,0,0,0,-0.0116742
0,-0.00438489,0,0,0,-0.0112326
0,-0.00397715,0,0,0,-0.0117499
0,-0.00402023,0,0,0,-0.0116461
0,-0.00261369,0,0,0,-0.0105092
0,-0.00114511,0,0,0,-0.00934016
0,-0.000427805,0,0,0,-0.00938536
0,-0.000526107,0,0,0,-0.0104751
0,-0.00112117,0,0,0,-0.0115941
0,-0.0031864,0,0,0,-0.0119378
0,-0.00322762,0,0,0,-0.0123415
-0.000770248,0.00351134,-0.00589745,-0.00129972,0,0
0,0.00266172,-0.00360765,-0.000663766,0,0
0,0.00135099,-0.00327308,0,0,0
0,0.000300361,-0.00231808,0,-0.000404776,0
-0.000124446,0,-0.000836863,0,0,0
0,0,-9.17651e-05,0,0,0
0,0,0,0,0,0
0,0.000734713,-5.72767e-05,0,0,0
0,0.00130631,-0.00104249,0,0,0
0,0.000929286,-0.0013198,0,0,0
0,0.000377535,-0.00171187,0,-0.000191306,0
0,0,-0.00118795,0,0,0
0,0,-0.000238378,0,0,0
0,0,-0.000199866,0,0,0
0,0,-0.000227539,0,0,0
0,0,0,0,0,0
0,0,0,0,0,0
0,0,0,0,0,0.00104496
0,0,0,0,0,0
0,0,0,0,0,0
0,0,0,0,0,0
0,0,0,0,0,0
0,0,0,0,0,0
0,0,0,0,0,0
0,0,0,0,0,0
0,0,0,0,0,0
0,0,0,0,0,0
0,0,0,0,0,0
0,0,0,0,0,-4.57986e-05
0,0,0,0,0,-0.000129367
0,0,0,0,0,6.83736e-06
0.000286591,0,0,0,0,-0.000775793
0.000509386,0,0,0,0,-0.000798194
0,0,0,0,0,0
0,0,0,0,0,0
0,0,0,0,0,0
0,0,0,0,0,0
0,0,0,0,0,0
0,0,0,0,0,0
0,0,0,0,0,0
0,0,0,0,0,0
0,0,0,0,0,0
0,0,0,0,0,0
0,0,0,0,0,0
0,0,0,0,0,0
0,0,0,0,0,0
0,0,0,0,0,0
0,0,0,0,0,0
0,0,0,0,0,0
0,0,0,0,0,0
0,0.000446072,0,0,0,0
0,0.00134512,0,0,0,0
0,0.00220299,0,0,0,0
0,0.00276282,0,0,0,0
0,0.00337607,0,0,0,0
0,0.00329269,0,0,0,0
0,0.00473633,0,0,0,0
0,0.00530106,0,0,0,0
0,0.00596911,0,0,0.000195428,0
0,0.00625919,0,0,0.000524544,0
0,0.00659762,0,0,0.000291777,0
0,0.00616382,0,0,0.00184823,0
0,0.00659458,0,0,0,0
0.000390628,0.00686617,0,0,0,0
0.000355243,0.00705942,0,0,0,0
0.0052174,0.00352359,0,0,0.00264288,-0.00138587
0.00422821,0.005395,0,0,0.00254071,-0.00195295
0.00270909,0.00722981,0,0,0,-0.000527547
0.00187992,0.00698294,0,0,0,0
-9.43112e-05,0.00582158,0,0,0,0
0,0,0,0,0.000276733,-0.00196874
0,0,0,0,0,-0.000955652
0,0,0,0,0,2.31417e-05
0,0,0,0,0,0
0,0,0,0,0,-0.00178042
0,0,0,0,0,-0.00251477
0,0,0,0,0,-0.00138049
0,0,0,0,0,-0.00180583
0,0,0,0,0,-0.00157041
0,0,0,0,0,-0.000760272
0,0,0,0,0,-0.000136431
0,0,0,0,0,0
0,0,0,0,0,0
0,0,0,0,0,0
0,0,0,0,0,0
0,0,0,0,0,0
0,0,0,0,0,0
0,0,0,0,0,0
0,0,0,0,0,0
0,0,0,0,0,-0.000311215
0,0,0,0,0,-0.000189016
0,0,0,0,0,0
0,0,0,0,0,-6.78439e-05
0,-0.00239496,0,0,0,0
0,-0.00114751,0,0,0,0
0,-0.000877097,0,0,0,0
0,-0.000911646,0,0,0,0
0,-0.000911786,0,0,0,0
0,-0.000910603,0,0,0,0
0,-0.00121631,0,0,0,0
0,-0.00149419,0,0,0,0
0,-0.00145894,0,0,0,0
0,-0.0024638,0,0,0,0
0,-0.00234635,0,0,0,0
0,-0.00409287,0,0,0,0
0,-0.00460989,0,0,0,0
-0.00191632,0,0,0,0,0
-0.00175356,0,0,0,0,0
-0.000821631,0,0,0,0,0
-0.000924828,0,0,0,0,0
0,0,0,0,0,0
0,0,0,0,0,0
0,0,0,0,0,0
0,0.00119327,0,0,0,0
0,2.96797e-05,0,0,0,0
0,0,0,0,0,0
0,0,0,0,0,0
0,0,0,0,0,0
0,-0.000819396,0,0,0,0
0,-0.0016458,0,0,0,-0.00200296
0,-0.00153592,0,0,0,-0.00179614
0,-0.00091574,0,0,0,0
0,-0.000397668,0,0,0,0
0,0,0,0,0,0
0,0,0,0,0,0
0,-0.00141352,0,0,0,0
0,0,0,0,0,0
0,0,0,0,0,0
0,0,0,0,0,0
0,0,0,0,0,0
0,0,0,0,0,0
0,0,0,0,0,0
0,0,0,0,0,0
0,0,0,0,0,0
0,0,0,0,0,0
0,0,0,0,0,0
0,0,0,0,0,0
0,0,0,0,0,0
0,0,0,0,0,0
0,0,0,0,0,0
0,0,0,0,0,0
0,0,0,0,0,0
0,0,0,0,0,0
0,0,0,0,0,0
0,0,0,0,0,0
0,0,0,0,0,0
0,0,0,0,0,0
0,0,0,0,0,0
0,0,0,0,0,0
0,0,0,0,0,0
0,0,0,0,0,0
0,0,0,0,0,0
0,0,0,0,0,0
0,0,0,0,0,0
0,0,0,0,0,0
0,0,0,0,0,0
0,0,0,0,0,0
0,0,0,0,0,0
0,0,0,0,0,0
0,0,0,0,0,0
0,0,0,0,0,0
0,0,0,0,0,0
0,0,0,0,0,0
0,0,0,0,0,0
0,0,0,0,0,0
0,0,0,0,0,0
0,0,0,0,0,0
0,0,0,0,0,0
0,0,0,0,0,0
0,0,0,0,0,0
0,0,0,0,0,0
0,0,0,0,0,0
0,0,0,0,0,0
0,0,0,0,0,0
0,0,0,0,0,0
0,0,0,0,0,0
0,0,0,0,0,0
0,0,0,0,0,0
0,0,0,0,0,0
0,0,0,0,0,0
0,0,0,0,0,0
0,0,0,0,0,0
0,0,0,0,0,0
0,0,0,0,0,0
0,0,0,0,0,0
0,0,0,0,0,0
0,0,0,0,0,0
0,0,0,0,0,0
0,0,0,0,0,0
0,0,0,0,0,0
0,0,0,0,0,0
0,0,0,0,0,0
0,0,0,0,0,0
0,0,0,0,0,0
0,0,0,0,0,0
0,0,0,0,0,0
0,0,0,0,0,0
0,0,0,0,0,0
0,0,0,0,0,0
0,0,0,0,0,0
0,0,0,0,0,0
0,0,0,0,0,0
0,0,-0.000301622,0,0,0
0,0,-0.00011576,0,0,0
0,0,-0.000906087,0,0,0
0,0,-0.000388474,0,0,0
0,0,-0.00127401,0,0,0
0,0,-0.00207077,0,0,0
0,0,-0.00267405,-0.000541865,0,0
0,0,-0.00255998,-0.000568789,0,0
0,0,-0.00388233,-0.00155207,0,0
0,0,-0.00423041,-0.00212369,0,0
0,0,-0.00990012,-0.00670933,0.00767182,-0.00115009
0,0,-0.00930717,-0.00667244,0.00778421,-0.00300152
0,0,-0.00767968,-0.00651379,0.0126926,-0.00178241
0,0,-0.0066833,-0.00627004,0.0139679,-0.000588009
0,0,-0.00686702,-0.0058054,0.00976638,-0.0023102
0,0.000566632,-0.00656342,-0.00562733,0.00947628,-0.000796762
0,0,-0.00333458,0.00037897,0.00626675,-0.00527024
0,0.000794383,-0.00463442,-0.00111426,0.00724304,-0.00158352
0,0.000175351,-0.00536914,-0.000737755,0.00793807,-0.00460351
0,0.000236185,-0.00582272,-0.00117004,0.00711007,-0.0047129
0,0.00114876,-0.00530141,0,0.00179385,-0.00514103
0,0.00134693,-0.00340305,0,0.0120168,-0.00529472
0,0.00262019,-0.00423609,0,0.0102051,-0.00217408
0,0.00212813,-0.00529118,0,0.00672325,-0.00447842
0,0.00250134,-0.00511778,0,0.00693713,-0.00376036
0,0.00280119,-0.00398828,0,0.00819485,-0.00291153
0,0,-0.00149245,0,0.00595031,-0.00402073
0,0,-0.00285855,0,0.0073245,-0.00449219
0,0.000376338,-0.00296411,0,0.011176,-0.00451622
0,0.00539922,-0.00303003,0,0.00752323,0
0,0.00591063,-0.00224961,0,0.00996907,0.000586779
0,0.00577331,-0.0023607,0,0.00872744,-0.00190603
0,0.00539689,-0.00187092,0,0.00876681,-0.00247109
0,0.004696,-0.00294662,0,0.00444768,-0.00205299
0,0.00334114,-0.00305375,0,0.00382148,-0.0027714
0,0,0,0,0.00340854,-0.00574618
0,0,0,0,0.00250765,-0.0036921
0,0,0,0,0.00274373,-0.00300498
0,0,0,0,0.0035737,-0.00354824
0,0,0,0,0.00683362,-0.0038254
0,0,0,0,0.00628417,-0.00377454
0,0,0,0,0.00628619,-0.0037813
0,0,0,0,0.00628652,-0.00377781
0,0,0,0,0.00628801,-0.00378582
0,0,0,0.00196318,0.010922,-0.00766668
0,0,0,0.00106102,0.00965465,-0.00660252
0,0,0,0.000984514,0.00788538,-0.0051558
0,0,0,0.00100452,0.00817299,-0.00537071
0,0,0,0.0038195,0,-0.00126804
0,0,0,0.00361341,-0.00101157,-0.000641957
0,0,0,0.00349333,0.00203615,-0.00179934
0,0,0,0.00288556,0.00216424,-0.00209565
0,0,0,0.00256377,0.00333477,-0.00243509
0.000110267,0,0,0,0,0
-0.000267277,0,0,0,0,0
2.91031e-05,0,0,0,0,0
-0.000553282,0,0,0,0,0
5.92648e-05,0,0,0,0,0
-1.43593e-06,0,0,0,0,0
-0.0002716,-0.000401601,0.000409156,0,-0.000399921,0
-0.000241044,-0.000292432,0,0,0,0
2.85418e-05,-0.00026217,0,0,0,0
1.94472e-07,-0.000263385,0,0,0,0
-0.000269569,-0.00054329,0,0,0,0
0,-0.000231314,0,0,0,0
0,9.18586e-06,0,0,0,0
0,-2.3126e-05,0.00034669,0,0,0
2.83723e-05,-2.07451e-05,0.000290987,0,0,0
-0.000270736,-2.12446e-05,0.000291086,0,0,0
0,-0.000292368,0.000116823,0,0,0
0,-0.000544076,0,0,0,0
0,-0.000510685,0,0,0,0
0,-0.000507396,0,0,0,0
0,-0.000506616,-2.03431e-05,0,0,0
0,4.39902e-05,0.00115296,0,0,0
0,-0.000287615,0.000962436,0,0,0
0,-0.000255107,0.000752868,0,0,0
0,-0.000255103,0.00078431,0,0,0
0,-0.000254477,0.000581688,0,0,0
0,-0.000538934,0.000419373,0,0,0
0,-0.000224998,0.000642015,0,0,0
0,-0.000256532,0.000815668,0,0,0
0,1.52829e-05,0.000783159,0,0,0
0,-1.49197e-05,0.000783807,0,0,0
0,0,0.00424354,0,0.0044341,0
0,0,0.00237041,0,-0.000292435,0
0,0,0.00281479,0,0.0011993,0
0,0,0.00277652,0,0.00105825,0
0,0,0.00154883,0,0,0
0,0,0.000242938,0,0,0
0,-1.27383e-05,0.000260045,0,0,0
0,-0.000282729,0.00130495,0,0,0
0,0,0.00415741,0,0.00308039,0
0,0,0.00367494,0,0.00245972,0
0,0,0.00313782,0,0.000795742,0
0,0,0.00321654,0,0.00035415,0
0,0,0.00321689,0,0,0
0,0,0.00458901,0,0.00117701,0
0,0,0.00493925,0,0.00382552,0
0,0,0.00543229,0,0.00290394,0
0,0,0.00534516,0,0.0029786,0
0,0,0.00563821,0,0.00300046,0
0,0,0.00709426,0,0.00620313,0
0,0,0.00721703,0,0.00548909,0
0,0,0.00625456,0,0.0030194,0
0,0,0.00639024,0,0.00376269,0
0,0,0.00669122,0,0.004004,0
0,0,0.0066467,0,0.00346148,0
0,0,0.00664664,0,0.00392555,0
0,0,0.00882077,0,0.0101791,0
0,0,0.00754879,0,0.00589247,0
0,0,0.00800033,0,0.00796283,0
0,0,0.00445037,0,-0.000232821,0
0,0,0.00612463,0,0.00314775,0
0,0,0.00624464,0,0.00257099,0
0,0,0.00680304,0,0.003243,0
0,0,0.00732329,0,0.00356816,0
0,0,0.00460047,0,0.00208917,0
0,0,0.00498174,0,0.00230928,0
0,0,0.0046961,0,0.00068142,0
0,0,0.00335703,0,0,0
0,0,0.00383,0,0,0
-0.000446605,0,0,0,0.00263858,0
-0.000711668,0,0,0,0.00204017,0
-0.00128019,0,0,0,0.00190424,0
-0.000908535,0,0,0,0,0
-0.00241478,0,0,0,-0.000321855,0
-0.00223635,0,0,0,0,0
-0.00126769,0,0,0,0,0
-0.000462776,0,0,0,0,0
-0.00056394,0,0,0,0,0
-1.02461e-05,0,0,0,0,0
0,0,0,0,0,0
0,0,0,0,0,0
0,0,0,0,0,0
0,0,0,0,0,0
0,0,0,0,3.95753e-05,0
0,0,0,0,0,0
0,0,0,0,0,0
-0.000343602,0,0,0,0,0
0,0,0,0,0,0
0,0,0,0,0,0
0,0,0,0,0,0
0,0,0,0,0,0
0,0,0,0,0,0
0,0,0,0,0,0
0,0,0,0,0,0
0,0,0,0,0,0
0,0,0,0,0,0
0,0,0,0,0,0
0,0,0,0,0,0
0,0,0,0,0,0
0,0,0,0,0,0
0,0,0,0,0,0
0,0,0,0,0,0
0,0,0,0,0,0
0,0,0,0,0,0
0,0,0,0,0,0
0,0,0,0,0,0
0,0,0,0,0,0
0,0,0,0,0,0
0,0,0,0,0,0
0,0,0,0,0,0
0,0,0,0,0,0
0,0,0,0,0,0
0,0,0,0,0,0
0,0,0,0,0,0
0,0,0,0,0,0
0,0,0,0,0,0
0,0,0,0,0,0
0,0,0,0,0,0
0,0,0,0,0,0
0,0,0,0,0,0
0,0,0,0,0,0
0,0,0,0,0,0
0,0,0,0,0,0
0,0,0,0,0,0
0,0,0,0,0,0
0,0,0,0,0,0
0,0,0,0,0,0
0,0,0,0,0,0
0,0,0,0,0,0
0,0,0,0,0,0
0,0,0,0,0,0
0,0,0,0,0,0
0,0,0,0,0,0
0,0,0,0,0,0
-3.52875e-05,0,0,0,0,0
-0.000624652,0,0,0,0,0
-0.0008521,0,0,0,0,0
-0.00143246,0,0,0,0,0
-0.00135956,0,0,0,0,0
-0.00167828,0,0,0,0,0
-0.00229591,0,0,0,0,0
-0.00222133,0,0,0,0,0
-0.00255604,-0.000127397,0,0,0,0
-0.00320302,-0.000706638,0,0,0,0
-0.0031229,-0.00124423,0,0,0,0
-0.00312359,-0.00116962,0,0,0,0
-0.00312234,-0.00148419,0,0,0,0
-0.00347457,-0.00176664,0,0,0,0
-0.00381664,-0.00314904,0,0,0,0
-0.00413051,-0.00229731,0,0,0,0
-0.00518569,-0.00237722,0,0,0,0
-0.00657352,-0.00271405,0,0,0,0
-0.00638428,-0.00267518,0,0,0,0
-0.00524541,-0.00233377,0,0,0,0
-0.00154537,-0.00535025,0,0,-0.000946937,0
-0.000712271,-0.00461356,0,0,0,0
-5.26852e-07,-0.00578139,0,0,0,0
-0.0052591,-0.00156116,0,0,0,0
-0.00350215,-0.00301792,0,0,0,0
-0.00362831,-0.00289624,0,0,0,0
-0.00327404,-0.00324325,0,0,0,0
-0.00262821,-0.00320274,0,0,0,0
-0.00347576,-0.00296667,0,0,0,0
-0.00791027,-0.00231584,0,0,0,0
-0.00694096,-0.00414175,0,0,0,0
-0.00584138,-0.00322031,0,0,0,0
-0.00345068,-0.00418366,0,0,0,0
-0.0026945,-0.0040758,0,0,0,0
-0.00315926,-0.00407627,0,0,0,0
-0.00418379,-0.00407735,0,0,0,0
-0.00405711,-0.00407434,0,0,0,0
0.00030073,-0.00216453,0,0,0,0
-0.00259678,-0.00238345,0,0,0,0
-0.00262724,-0.00306467,0,0,0,0
-0.00191907,-0.00230403,0,0,0,0
-0.00167217,-0.00204978,0,0,0,0
0,0,0,0,0,0
-0.000240221,0,0,0,0,0
0,0,0,0,0,0
0,0,0,0,0,0
0,0,0,0,0,0
0,0,0,0,0,0
0,0,0,0,0,0
0,0,0,0,0,0
0,0,0,0,0,0
-0.000686795,0,0,0,0,0
-9.08907e-05,0,0,0,0,0
0,0,0,0,0,0
0,0,0,0,0,0
0,0,0,0,0,0
0,0,0,0,0,0
0,0,0,0,0,0
0,0,0,0,0,0
0,0,0,0,0,0
0,0,0,0,0,0
0,0,0,0,0,0
0,0,0,0,0,0
0,0,0,0,0,0
0,0,0,0,0,0
0,0,0,0,0,0
0,0,0,0,0,0
0,0,0,0,0,0
0,0,0,0,0,0
0,0,0,0,0,0
0,0,0,0,0,0
0,0,0,0,0,0
0,0,0,0,0,0
0,0,0,0,0,0
0,0,0,0,0,0
0,0,0,0,0,0
0,0,0,0,0,0
0,0,0,0,0,0
0,0,0,0,0,0
0,0,0,0,0,0
0,0,0,0,0,0
0,0,0,0,0,0
0,0,0,0,0,0
0,0,0,0,0,0
0,0,0,0,0,0
0,0,0,0,0,0
0,0,0,0,0,0
0,0,0,0,0,0
0,0,0,0,0,0
0,0,0,0,0,0
0,0,0,0,0,0
0,0,0,0,0,0
0,0,0,0,0,0
0,0,0,0,0,0
0,0,0,0,0,0
0,0,0,0,0,0
0,0,0,0,0,0
0,0,0,0,0,0
0,0,0,0,0,0
0,0,0,0,0,0
0,0,0,0,0,0
0,0,0,0,0,0
0,0,0,0,0,0
0,0,0,0,0,0
0,0,0,0,0.000248994,0
0,0,0,0,0,0
0,0,0,0,0,0
0,0,0,0,0,0
0,0,0,0,0,0
0,0,0,0,0,0
0,0,0,0,0,0
0,0,0,0,0.0001461,0
0,0,0,0,4.15216e-05,0
0,0,0,0,5.71446e-05,0
0,0,0,0,0,0
0,0,0,0,0,0
0,0,0,0,0,0
0,0,0,0,0,0
0,0,0,0,0,0
0,0,0,0,0,0
0,0,-0.00104187,-0.000959152,0,0
0,0,-0.00122732,1.5209e-05,0,0.000186722
0,0,-0.00177952,-0.000106209,0,-0.000339168
0,0,-0.00167435,-9.79486e-05,0,-0.000319298
0,0,-0.000999624,1.15638e-05,0,-0.000539086
0,0,-0.000478779,0,0,-0.000677061
0,0,-0.000768566,-0.000223553,0,-0.000927608
0,0,-0.00116118,-0.000661504,0,-0.000256016
0,0,-0.00177943,-0.000483101,0,-0.000788765
0,0.000494595,-0.00191339,-0.00114147,0.000924759,-0.00205505
0,0.00439615,-0.000951635,0,0.00478793,-0.00211245
0,0.00385125,-0.00108355,0,0.00413522,-0.00208535
0,0.00458003,-0.00249918,0,0.000449407,-0.00249698
0,0.00449112,-0.00227837,0,0.00101176,-0.00243995
0,0,0,0,0.000154434,-0.00631485
0,0,0,0,0,-0.00322635
0,-0.000280924,0,0,0.000843261,-0.00206467
0,0.000179154,0,0,0.000755472,-0.00228378
0.000234625,0.00131838,-0.000889165,0,0,-0.00233343
0,0,0,0,0.000379691,-0.00722764
0,0,0,0,0.000624559,-0.00709067
0,0,0,0,0.00253444,-0.00479775
0,0,0,0,0.00162453,-0.00394992
0,0.000583014,0,0,0.00110844,-0.00176617
0,0.00221971,-0.000105229,0,0.000212426,0.00019972
0,0.00236032,-0.00124709,0,0,-0.00104534
0,0.00304541,0,0,0.00399418,-0.00270531
0.000514592,0.0022834,0,0,0.0016875,-0.00248267
0.00106654,0.00170079,0,0,0.00447632,-0.00276257
0.00130698,0.000838674,0,0,0.00208951,-0.00422518
0.00126709,0.000948038,0,0,0.00239504,-0.00399537
0.00126814,0.000945703,0,0,0.00243855,-0.0034023
0.00158417,0.00094606,0,0,0.00244692,-0.00360614
0.00123033,0.00125361,0,0,0.00804045,-0.00338401
0.000954558,0.00153361,0,0,0.00552282,-0.0033266
0.000996106,0.00181172,0,0,0.00323146,-0.00350507
0.00130219,0.00210683,0,0,0.00392529,-0.00344833
0.00127069,0.00239703,0,0,0.00554019,-0.00308206
0.00190597,0.00202574,0,0,0.00257934,-0.00417527
0.00183022,0.00206586,0,0,0.00299351,-0.00402094
0.00151033,0.00240066,0,0,0.00418502,-0.00262924
0.00277927,0.00102211,0.00143101,0,0.00795969,-0.00211683
0.00297705,0.000864003,0.000406648,0,0.00349001,-0.00324098
0.00225929,0.00120467,0.00013102,0,0.00358936,-0.00324505
0.00136144,0.00180085,0,0,0.00271207,-0.00264872
0.00179391,0.00272334,0,0,0.00642407,-0.00139503
0.000825537,0.00364593,0,0,0.00555293,-0.000510308
0.00159361,0.00242723,0,0,0.00490727,-0.00352142
0.00151641,0.00467996,0,0,0.0022735,0.000321304
0.00284208,0.00591463,0,0,0.00275971,0
0.00234913,0.00727545,0,0,0.00382371,0
0.00238843,0.00708477,0,0,0.00365191,0
0.00238484,0.00708591,0,0,0.00363002,0
0.00140828,0.0066958,0,0,0.00341977,-0.00190352
0.00183892,0.00674452,0,0,0.00402091,-0.00153099
0.00574726,0.00489252,0,0,0.00385,-0.00383865
0.00487482,0.00663471,0,0,0.0048081,-0.00119928
0.00566703,0.0072242,0,0,0.00319373,-0.000803871
0.00301567,0.00200116,0,0,0.00151007,-0.00351928
0.00305021,0.00372613,0,0,0.00272729,-0.00228626
0.00309151,0.00368478,0,0,0.00431341,-0.00244757
0.00309459,0.00403931,0,0,0.00368035,-0.00162478
0.00309327,0.00399914,0,0,0.00176917,-0.0019105
0.00309283,0.00399585,0,0,0.00207529,-0.0018916
0.00274373,0.00328328,0,0,0.00239799,-0.00351956
0.00348087,0.00336765,0,0,0.00226084,-0.00222536
0.0018211,0,0,0,0.00255026,0
0.00104618,0,0,0,0.00292889,0
0.0002738,0,0,0,0.00110978,0
9.41246e-05,0,0,0,-0.000166663,5.2954e-05
0.000988523,0,0,0,0,0
0,0,0,0.00123224,0,-0.00131528
0,0,0,0.000845881,0.00107839,-0.000663265
0,0,0,0.000133607,0.00232617,0
0,0,0,0.000567273,0.000657006,0
0,0,0,0.000603552,0.00214317,0
0,0,0,0.000981869,0.000463659,-0.00031257
0,0,0.000528529,0.00209611,0.00120533,0
0,0,0,0.000989245,0,0
0,0,0,0.00154614,0,-0.00167081
0,-0.00228895,0.00226037,0,0,0
0,-0.00161591,0.00197298,0,0,0
0,-0.00161343,0.00197238,0,0,0
0,-0.00161602,0.00197315,0,0,0
0,0,0.00433393,0,0.00239653,0
0,0,0.003421,0,0.000725531,0
0,0,0.0040463,0,0.00132854,0
0,0,0.00452119,0,0.000722193,0
0,0,0.00500772,0,0,0
0,0,0.00609097,0,0.00209721,0
0,0,0.00422597,0,0.00110722,0
0,0,0.00532995,0,0.00500202,0
0,0,0.00491234,0,0.00304119,0
0,0,0.00524336,0,0.00297287,0
0,0,0.00638165,0,0.00582493,0
0,0,0.00541732,0,0.00552491,0
0,0,0.0049551,0,0.00261991,0
0,0,0.00475353,0,0.00342178,0
0,0,0.0056651,0,0.00646364,0
0,0,0.00312967,0,-0.000809446,0
0,0,0.003206,0,0,0
0,0,0.00324557,0,0,0
0,0,0.00433674,0,0.00129038,0
0,0,0.00115673,0.0012999,0,0
0,0,0.00385711,0.00209789,0.00451299,0
0,0,0.00349829,0.00198687,0.00396038,0
0,0,0.00148415,0.0020155,0,0
0,0,0,0.0116547,0,0
0,0,0,0.0106102,0,0
0,0,0,0.0102444,0,0
0,0,0,0.0102867,0,0
0,0,0,0.00938778,0,0
0,0,0,0.0123166,0,0
0,0,0,0.0117671,0,0
0,0,0,0.0117872,0,0
0,0,0,0.0117882,0,0
0,0,0,0.0112413,0,0
0,0,0,0.0113202,0,0
0,0,0,0.0113196,0,0
0,0,0,0.0113205,0,0
0,0,0,0.0113195,0,0
0,0,0,0.0113218,0,0
0,0,0,0.00992497,0,0
0,0,0,0.0102591,0,0
0,0,0,0.0108121,0,0
0,0,0,0.0104597,0,0
0,0,0,0.00923056,0,0
0,0,0,0.00984577,0,0
0,0,0,0.00974974,0,0
0,0,0,0.00995512,0,0
0,0,0,0.00779975,0,0
0,0,0,0.00842901,0,0
0,0,0,0.00844798,0,0
0,0,0,0.00876309,0,0
0,0,0,0.00858563,0,0
0,0,0,0.00857173,0,0
0,0,0,0.00754299,0,0
0,0,0,0.00733753,0,0
0,0,0,0.00780672,0,0
0,0,0,0.00662801,0,0
0,0,0,0.00723358,0,0
0,0,0,0.00640745,0,0
0,0,0,0.00610771,0,0
0,0,0,0.00616646,0,0
0,0,0,0,0,0
0,0,0,0,0,0
0,0,0,0,-0.00144968,0
0,0,0,0,0,0
0,0,0,0,0,0
0,0,0,0,0,0
0,0,0,0,0,0
0,0,0,0,0,0
0,0,0,0,0,0
0,0,0,0,0,0
0,0,0,0,0,0
0,0,0,0,0,0
0,0,0,0,0,0
0,0,0,0,0,0
0,0,0,0,0,0
0,0,0,0,0,0
0,0,0,0,0,0
0,0,0,0,0,0
0,0,0,0,0,0
0,0,0,0,0,0
0,0,0,0,0,0
0,0,0,0,0,0
0,0,0,0,0,0
0,0,0,0,0,0
0,0,0,0,0,0
0,0,0,0,0,0
0,0,0,0,0,0
0,0,0,0,0,0
0,0,0,0,0,0
0,0,0,0,0,0
0,0,0,0,0,0
0,0,0,0,0,0
0,0,0,0,0,0
0,0,0,0,0,0
0,0,0,0,0,0
0,0,0,0,0,0
0,0,0,0,0,0
0,0,0,0,0,0
0,0,0,0,0,0
0,0,0,0,0,0
0,0,0,0,0,0
0,0,0,0,0,0
0,0,0,0,0,0
0,0,0,0,0,0
0,0,0,0,0,0
0,0,0,0,0,0
0,0,0,0,0,0
0,0,0,0,0,0
0,0,0,0,0,0
0,0,0,0,0,0
0,0,0,0,0,0
0,0,0,0,0,0
0,0,0,0,0,0
0,0,0,0,0,0
0,0,0,0,0,0
0,0,0,0,0,0
0,0,0,0,0,0
0,0,0,0,0,0
0,0,0,0,0,0
0,0,0,0,0,0
0,0,0,0,0,0
0,0,0,0,0,0
0,0,0,0,0,0
0,0,0,0,0,0
0,0,0,0,0,0
0,0,0,0,0,0
0,0,0,0,0,0
0,0,0,0,0,0
0,0,0,0,0,0
0,0,0,0,0,0
0,0,0,0,0,0
0,0,0,0,0,0
0,0,0,0,0,0
0,0,0,0,0,0
0,0,0,0,0,0
0,0,0,0,0,0
0,0,0,0,0,0
0,0,0,0,0,0
0,0,0,-0.0010651,0,0
0,0,0,-0.000168866,0,0
0,0,0,-0.000321684,0,0
0,0,0,-0.00079672,0,0
0,0,0,-0.000725438,0,0
0,0,0,-0.000835595,0,0
0,0,0,-0.00109995,0,0
0,0,0,-0.000612895,0,0
0,0,0,-0.00109619,0,0
0,0,0,0,0.000898263,0
0,0,0,0,0,0
0,0,0,0,0,0
0,0,0,0,0,0
0,0,0,0,0,0
0,0,0,0,0,0
0,0,0,0,0,0
0,0,0,0,0,0
0,0,0,0,0,0
0,5.26194e-05,0,0,0,0
0,0,0,0,0,0
0,0,0,0,0,0
0,0,0,0,0,0
0,0,0,0,0,0
0,0,0,0,0,0
0,0,0,0,0,0
0,0,0,0,0,0
0,0,0,0,0,0
0,0,0,0,0,0
0,0,0,0,0,0
0,0,0,0,0,0
0,0,0,0,0,0
0,0,0,0,0,0
0,0,0,0,0,0
0,0,0,0,0,0
0,0,0,0,0,0
0,0,0,0,-0.00334736,0
0,0,0,0,-0.00390566,0
0,-0.000128782,0,0,-0.0030565,0
0,-0.000693514,0,0,-0.00442268,0
0,-0.00122687,0,0,-0.000696062,0
0,-0.00115549,0,0,-0.0021475,0
0,-0.00115461,0,0,-0.0020009,0
0,-0.000850621,0,0,-0.00197593,0
0,-0.000592896,0,0,-0.000905631,0
0,-0.000340009,0,0,-0.00158508,0
0,-9.76925e-05,0,0,-0.00145167,0
0,-0.00065336,0,0,-0.00639971,0
0,-0.000591907,0,0,-0.00558884,0
0,-0.00088656,0,0,-0.00729031,0
0,-0.00146891,0,0,-0.00212681,0
0,-0.00135104,0,0,-0.00216809,0
0,-0.00232983,0,0,-0.00163734,0
0,-0.0022133,0,0,-0.0003767,0
0,-0.00254847,0,0,-0.000770394,0
0,-0.00152305,0,0,0,0
0,-0.00163639,0,0,0,0
0,0.000119036,0,0,0,0
0,0,0,0,0,0
0,0,0,0,0,0
0,-8.48195e-05,0,0,-0.001631,0
0,-0.00124549,0,0,0,4.22247e-05
-1.33305e-05,-0.00206119,0,0,0.000212201,-0.000571174
7.99478e-05,-0.00194407,0,0,0,0
0,-0.000993531,0,0,0,0
0,-0.00110184,0,0,0,0
0,-0.00173313,0,0,-0.00111601,0
0,-0.00165698,0,0,-0.000945489,0
0,-0.00514756,0,0,-0.00102578,0
0,-0.00470864,0,0,-0.00101253,0
0,-0.00434467,0,0,-0.00259148,0
0,-0.00438791,0,0,-0.00352507,0
0,-0.00402561,0,0,-0.00311808,0
0,-0.00480305,0,0,-0.00463332,0
0,-0.00508709,0,0,-0.00272179,0
0,-6.527e-05,0,0,-0.00266076,0
0,0,0,-1.86823e-05,0,0
0,0,0,-0.000661101,-0.00437546,0
0,0,0,-0.000588946,-0.00410785,0
0,0,0,4.42035e-05,-0.00176237,0
0,0,0,0,-0.00771764,0
0,-0.00107896,0,0,-0.00463338,-0.00106429
0,-0.00297516,0,0,0,-0.00156411
0,-0.00315931,0,0,-0.00302481,-0.00207252
0,-0.00310936,0,0,-0.00332625,-0.00198733
0,-0.00381757,0,0,-0.000318348,-0.00385934
0,-0.00234487,0,0,-0.00178447,-0.00060559
0,-0.000897852,0,0,-0.00134448,0
0,-0.000485456,0,0,-0.00261195,0
0,2.23206e-06,0,0,-0.00389318,0
0,0,0,0,0.000242948,0
0,0,0,0,0,0
0,0,0,0,0,0
0,0,0,0,0,0
0,0,0,0,0,0
0,0,0,0,0,0
0,0,0,0,0,0
0,0,0,0,-0.0024595,0
0,0,0,0,1.9567e-05,0
0,0,0,0,0,0
0,0,0,0,-0.00155315,0
0,0,0,0,-0.00044772,0
0,0,0,0,-0.000589334,0
0,0,0,0,-0.000664669,0
0,0,0,0,-0.00111652,0
0,0,0,0,-0.0157427,0
0,0,0,0,-0.0174283,0
0,0,0,0,-0.0148382,0
0,0,0,0,-0.0182569,0
0,0,-0.000499259,-0.00579071,-0.0225055,0
0,0,0,-0.00428488,-0.0183563,0
0,0,-0.000188249,-0.00471195,-0.0206523,0
0,0,-2.16668e-05,-0.00435854,-0.0188455,0
0,0,0,0,-0.00600411,0
0,0,0,0,-0.00735284,0
0,0,0,0,-0.00743955,0
0,0,0,0,-0.0103213,0
0,0,0,0,-0.00712456,0
0,0,0,0,-0.000310891,0
0,0,0,0,-0.00128897,0
0,0,0,0,0,0
0,0,0,0,-0.000169125,0
0,0,0,0,0,0
0,0,0,0,0,0
0,0,0,0,0,0
0,0,0,0,0,0
0,0,0,0,-0.000400641,0
0,0,0,0.000534967,0,0
0,0,0,0,0,0
0,4.08962e-05,0,0,0,0
0,2.97706e-05,0,0,0,0
0,0,0,0,0,0
0,0,0,0,0,0
0,0,0,0,0,0
0,0,0,0,0,0
0,0,0,0,0,0
0,0,0,0,0,0
0,0,0,0,0,0
0,0,0,0,0,0
0,0,0,0,0,0
0,0,0,0,0,0
0,0,0,0,0,0
0,0,0,0,0,0
0,0,0,0,0,0
0,0,0,0,0,0
0,0,0,0,0,0
0,0,0,0,0,0
0,0,0,0,0,0
0,0,0,0,0,0
0,0,0,0,0,0
0,0,0,0,0,0
0,0,0,0,0,0
0,0,0,0,0,0
0,0,0,0,0,0
0,0,0,0,0,0
0,0,0,0,0,0
0,0,0,0,0,0
0,0,0,0,0,0
0,0,0,0,0,0
0,0,0,0,0,0
0,0,0,0,0,0
0,0,0,0,0,0
0,0,0,0,0,0
0,0,0,0,0,0
0,0,0,0,0,0
0,0,0,0,0,0
0,0,0,0,0,0
0,0,0,0,0,0
0,0,0,0,0,0
0,0,0,0,0,0
0,0,0,0,0,0
0,0,0,0,-0.000757928,0
0,0,0,0,0,0
0,0,0,0,0,0
0,0,0,0,0,0
0,0,0,0,0,0
0,0,0,0,0,0
0,0,0,0,0,0
0,0,0,0,0,0
0,0,0,0,0,0
0,0.000312707,0,0,0,0
0,0.000856367,0,0,0,0
0,0.000786567,0,0,0,0
0,0.000498885,0,0,0,0
0,0.000530816,0,0,0,0
0,0.000246955,0,0,0,0
0,0.0002781,0,0,0,0
0,0.000281634,0,0,0,0
0,0.000562573,0,0,0,0
0,0.000531494,0,0,0,0
0,0.00112588,0,0,0,0
0,0.00105616,0,0,0,0
0,0.00105765,0,0,0,0
0,0.00105784,0,0,0,0
0,0.00136265,0,0,0,0
0,0.00133268,0,0,0,0
0,0.00164635,0,0,0,0
0,0.00193341,0,0,0,0
0,0.00189585,0,0,0,0
0,0.00222356,0,0,0,0
0,0.00218798,0,0,0,0
0,0.00218428,0,0,0,0
0,0.00252419,0,0,0,0
0.000252359,0.00248145,0,0,0,0
0.0017871,0.00155521,0,0,0,-0.000540554
0.000974968,0.00334603,0,0,0,0
0.00135315,0.00421086,0,0,0,0
0.00163369,0.00518324,0,0,0,0
0.0019261,0.00542578,0,0,0,0
0.000153929,0.00299621,0,0,0,0
6.2376e-05,0.00362123,0,0,0,0
0,0.00393962,0,0,0,0
9.30822e-05,0.0038915,0,0,0,0
0,0.00249647,0,0,0,0
0.000125913,0,0,0.00518679,0,0
0,0.000206715,0,0.00298003,0,0
0,0.000462157,0,0.0031801,0,0
0,0,0,0.00377553,0,0
0,0,0,0.00354017,0,-0.000249618
0,0,0,0.0041914,0,0
0.000684311,0,0,0.00329303,0,0
0,0,0,0,-0.00383453,0.00690034
0,0,0,0,-0.000271986,0.00456166
0,0,0,0,-0.00176328,0.00640829
0,0,0,0,-0.00398076,0.00588936
0,0,0,0,-0.00359727,0.00593373
0,0,0,0,-0.00272117,0.0186392
0,0,0,0,-0.0101353,0.0130957
0,0,-0.000148321,0,-0.00967095,0.0144582
0,0,-0.000131846,0,-0.0095536,0.0143301
0,0,0,0,-0.00204343,0.00602874
0,0,0,0,-0.00118383,0.00736408
0,0,0,0,-0.00334088,0.00702172
0,0,0,0,-0.00229695,0.00753559
0,0,0,0,-0.00124102,0.00833725
0,0,0,0,-0.0014243,0.00821448
0,0,-0.000409198,0,-0.00603996,0.00975229
0,0,-0.000365593,0,-0.00618163,0.00836369
0,0,-0.00430041,0,-0.00581238,0.00701413
0,0,-0.00504033,0,-0.00681333,0.00748544
0,-0.000478057,-5.681e-05,0,-0.0016712,0.00454099
0,-0.000366541,-0.000851197,0,-0.00377545,0.00261857
0,-9.3124e-05,-0.000239035,0,-0.000975204,0.00163605
0,0,-0.000322317,0,-0.00220924,0.00484453
0,0,1.81179e-05,0,-1.44158e-05,0.00400533
0.000360442,0,0,0,0,0
0.000677302,0,0,0,0,0
0.000643211,0,0,0,0,0
8.31475e-05,0,0,0,0,0
0.000143066,0,0,0,0,0
0,0,0,0,0,0
0,0,0,0,0,0
0,0,0,0,0,0
0.000145968,0,0,0,0,0
0,0,0,0,0,0
0,0,0,0,0,0
0,0,0,0,0,0
0,0,0,0,0,0
0,0,0,0,0,0
0,0,0,0,0,0
0,0,0,0,0,0
0,0,0,0,0,0
0,0,0,0,0,0
0,0,0,0,0,0
0,0,0,0,0,0
0,0,0,0,0,0
0,0,0,0,0,0
0,0,0,0,0,0
0,0,0,0,0,0
0,0,0,0,0,0
0,0,0,0,0,0
0,0,0,0,0,0
0,0,0,0,0,0
0,0,0,0,0,0
0,0,0,0,0,0
0,0,0,0,0,0
0,0,0,0,0,0
0,0,0,0,0,0
0,0,0,0,0,0
0,0,0,0,0,0
0,0,0,0,0,0
0,0,0,0,0,0
0,0,0,0,0,0
0.000148828,0,0,0,0,0
0.000147878,0,0,0,0,0
0.000427513,0,0,0,0,0
0.000117795,0,0,0,0,0
0.000145861,0,0,0,0,0
0,0,0,0,0,0
0,0,0,0,0,0
0,0,0,0,0,0
0,0,0,0,0,0
0,0,0,0,0,0
0,0,0,0,0,0
0,0,0,0,0,0
0,0,0,0,0,0
0,0,0,0,0,0
0,0,0,0,0,0
0,0,0,0,0,0
0,0,0,0,0,0
0,0,0,0,0,0
0,0,0,0,0,0
0,0,0,0,0,0
0,0,0,0,0,0
0,0,0,0,0,0
0,0,0,0,-0.00100451,0.003116
0,0,0,0,-7.3751e-05,0.00352663
0,0,0,0,-0.00274683,0.00406023
0,0,0,0,-0.00180638,0.00562741
0,0,0,0,-0.00486869,0.00624144
0,0,0,0,-0.00713631,0.00716521
0,0,0,0,-0.00504733,0.00695803
0,0,0,0,-0.00507501,0.00745402
0,0,0,0,-0.00511039,0.00738693
0,0,0,0,-0.00369123,0.0071676
0,0,0,0,-0.00413601,0.00726229
0,0,-0.000423104,0,-0.00482588,0.0117891
0,0,-0.000181645,0,-0.00554476,0.01149
0,0,0,0,-0.00445876,0.0139467
0,0,0,0,-0.00332533,0.0104972
0,0,0,0,-0.00387894,0.00950395
0,-0.000230695,-0.00195114,0,-0.0069142,0.0107686
0,-0.000499052,-0.00166449,0,-0.0070356,0.0101157
0,-0.000754689,-0.000383115,0,-0.00226874,0.00930107
0,-0.000724462,-0.000759994,0,-0.0040388,0.00915598
0,-0.000432722,-0.00137442,0,-0.0062405,0.00995773
0,-0.000464509,-0.0017352,0,-0.00741105,0.00945049
0,-0.000184569,-0.0012079,0,-0.00448155,0.0100704
0,-0.00245058,-0.000492443,0,-0.00858386,0.00713663
0,-0.00216866,0,0,-0.00547387,0.00716396
0,-0.00151789,0,0,-0.000321962,0.00817634
0,-0.000674395,0,0,-0.00507443,0.00981877
0,-0.000771922,0,0,-0.00443346,0.00956813
0,-0.00048418,0,0,-0.00409243,0.00925466
0,-0.000517354,-0.000228308,0,-0.00670398,0.00844334
0,-0.00051474,-0.000283574,0,-0.00522326,0.0083113
0,-0.000516599,0,0,-0.00306038,0.00867107
0,-0.000805964,-0.000109602,0,-0.00577167,0.00834318
0,-0.0024243,0,0,-0.00194076,0.00405662
0,-0.00157255,0,0,-0.00495763,0.00638273
0,-0.000722461,0,0,-0.00451793,0.00792741
0,-0.00052908,0,0,-0.00217865,0.00737653
0,-9.46304e-06,-2.4521e-05,0,-0.00547355,0.00850361
0,-7.03757e-05,-4.18269e-05,0,-0.00373903,0.00834586
0,-0.00406782,0,0,-0.00451493,0.0047637
0,-0.0031958,0,0,-0.00233973,0.00604462
0,-0.00323597,0,0,-0.0026627,0.00593447
0,-0.00289023,0,0,-0.00303995,0.00595696
0,-0.00293006,0,0,-0.00298015,0.00595493
0,-0.00159715,0,0,-0.00480613,0.00738913
0,-0.00174657,0,0,-0.00451398,0.00718037
0,-0.00290816,0,0,-0.00219317,0
0,-0.00209727,0,0,-0.000672807,0
0,-0.00152243,0,0,-0.00021236,0
0,-0.000388241,0,0,0,0
0,0,0,0,0,-0.00104652
0,0,0,0,0,0
0,0,0,0,0,0
0,0,0,0,0,0
0.000913556,-0.00565447,0,0,0,0
0.00143697,-0.00535717,0,0,-0.000632476,0
0.00136787,-0.00494555,0,0,-0.000203241,0
0.00200649,-0.0046183,0,0,-0.000185086,0
0.00226096,-0.00465938,0,0,-0.00101837,0
0.00222607,-0.00466107,0,0,-0.000886721,0
0.00255986,-0.00466122,0,0,-0.00160096,0
0.002519,-0.0046599,0,0,0,0
0.00252074,-0.00503429,0,0,-0.00225243,0
0.00286207,-0.00649896,0,0,-0.00395571,0
0.00247454,-0.00631805,0,0,-0.000613012,0
0.00447848,0,0,0,0,0
0.00649073,0.000266448,0,0,0,0
0.00621125,-0.000361908,0,0,0,0
0.00605088,0,0,0,0,-0.000841936
0.00677596,0,0,0,0,-0.00262539
0.00673144,0,0,0,0,-0.00235315
0.00751197,0,0,0,0,-0.00229356
0,0,0,0,0,-0.00625075
0,0,0,0,0,-0.0056527
0,0,0,0,0,-0.00636599
0,0,0,0,0,-0.00657844
0,0,0,0,0,-0.00697904
0,0,0,0,0,-0.00632045
0,0,0,0,0,-0.00600106
0,0,0,0,0,-0.00681515
0,0,0,0,0,-0.00670477
0,0,0,0,0,-0.00747211
0,0.000530941,0,0,0,-0.0102759
0,0.000395559,0,0,0,-0.00985305
0,0.000983774,0,0,0,-0.00867022
0,0.000911703,0,0,0,-0.00990587
0,0.00121705,0,0,0,-0.00932684
0,0.000502619,0,0,0.00236525,-0.0138288
0,0.00117669,0,0,0.00199428,-0.0122815
0,0.00110407,0,0,0.00196459,-0.0124151
0,0.00141732,0,0,0,-0.0123123
0,0.00106861,0,0,0,-0.0141078
0,0.00080191,0,0,0,-0.0151544
0,0,0,0,0,-0.0221064
0,0,0,0,0,-0.0206295
0,0,0,0,0,-0.0192688
0,0,0,0,0.000280977,-0.0183754
0,0,0,0,0.00252763,-0.0188732
0,0,0,0,0.000664729,-0.0201094
0,0,0,0,0,-0.0131053
0,0,0,0,0,-0.0129826
0,0,0,0,0,-0.0136329
0,0,0,0,0,-0.0135568
0,0,0,0,0,-0.0123272
0,0,0,0,0,-0.0124682
0,0,0,0,0,-0.00274979
0,0,0,0,0,-0.00512927
0,0,0,0,0,-0.0036183
0,0,0,0,0,-0.00381165
0,0,0,0,0,-0.00390058
0,0,0,0,0,0
0,0,0,0,0,0
0,0,0,0,0,0
0,0,0,0,0,0
0,0,0,0,0,0
0,0,0,0,0,0
0,0,0,0,0,0
0,0,0,0,0,0
0,0,0,0,0,0
0,0,0,0,0,0
0,0,0,0,0,0
0,0,0,0,0,0
0,0,0,0,0,0
0,0,0,0,0,0
0,0,0,0,0,0
0,0,0,0,0,0
0,0,0,0,0,0
0,0,0,0,0,0
0,0,0,0,0,0
0,0,0,0,0,0
0,0,0,0,0,0
0,0,0,0,0,0
0,0,0,0,0,0
0,0,0,0,0,0
0,0,0,0,0,0
0,0,0,0,0,0
0,0,0,0,0,0
0,0,0,0,0,0
0,0,0,0,0,0
0,0,0,0,0,0
0,-6.68605e-06,0,0,0,0
0,0.000354176,0,0,0,0
0,0.000326178,0,0,0,0
0,5.30504e-05,0,0,0,0
0,0,0,0,0,0
0,0,0,0,0,0
0,0,0,0,0,0
0,0,0,0,0,0
0,0,0,0,0,0
0,7.99006e-05,0,0,0,0
0,0.000353992,0,0,0,0
0,0.00060595,0,0,0,0
0,0.000572266,0,0,0,0
0,0.00057226,0,0,0,0.000421061
0,0.000865071,0,0,0,9.92276e-06
0,0.00113297,0,0,0,0
0,0.0010999,0,0,0,-0.000156994
0,0.00109786,0,0,0,-0.00025029
0,0.00109927,0,0,0,-0.000176227
0,0.00109611,0,0,0,-0.000190434
0,0.0010991,0,0,0,-7.47774e-05
0,0.00109993,0,0,0,-0.000143836
0,0.00140603,0,0,0,0
0,0.0013732,0,0,0,0
0,0.00137545,0,0,0,0
0,0.00137136,0,0,0,0
0,0.00137329,0,0,0,0
0,0.00137315,0,0,0,0
0,0.00449153,0,0,0,0
0,0.00303977,0,0,0,-0.00199519
0,0.00118179,0,0,0,-0.00675187
0,0.00204269,0,0,0,-0.00356726
0,0.00264659,0,0,0,0
0,0.002907,0,0,0,0.000409066
0,0.0046481,0,0,0,0
0,0.00554752,0,0,0,0
0,0.00466436,-0.000196096,0,0,-0.00196982
0,0.000763785,0,0,0,0
-0.00069894,0.00181661,0,0,0,0
6.40472e-05,0.00174365,0,0,0,0
0.000916314,0.00207075,0,0,0,0
0.000239534,0.00236501,0,0,0,0
3.37993e-05,0.000739801,0,0,0,0
0.000962677,0,0,0,0,0
0,0,0,0,0,0
0.000560482,0,0,0,0,-0.00146889
0.000588741,0,0,0,0,-0.000420117
0.00182395,0,0,0,0,-0.000233522
0.00167703,0,0,0,0,-0.00028851
0.00103434,0,0,0,0,0
0,0,0,0,0,0
0,0,0,0,0,0
0,0,0,0,0,0
0,0,0,0,0,0
0,0,0,0,0,0
0,0,0,0,0,0
0,0,0,0,0,0
0,0,0,0,0,0
0,0,0,0,0,0
0,0,0,0,0,0
0,0,0,0,0,0
0,0,0,0,0,0
0,0,0,0,0,0
0,0,0,0,0,0
0,0,0,0,0,0
0,0,0,0,0,0
0,0,0,0,0,0
0,0,0,0,0,0
0,0,0,0,0,0
0,0,0,0,0,0
0,0,0,0,0,0
0,0,0,0,0,0
0,0,0,0,0,0
0,0,0,0,0,0
0,0,0,0,0,0
0,0,0,0,0,0
0,0,0,0,0,0
0,0,0,0,0,0
0,0,0,0,0,0
0,0,0,0,0,0
0,0,0,0,0,0
0,0,0,0,0,0
0,0,0,0,0,0
0,0,0,0,0,0
0,0,0,0,0,0
0,0,0,0,0,0
0,0,0,0,0,0
0,0,0,0,0,0
0,0,0,0,0,0
0,0,0,0,0,0
0,0,0,0,0,0
0,0,0,0,0,0
0,0,0,0,0,0
0,0,0,0,0,0
0,0,0,0,0,0
0,0,0,0,0,0
0,0,0,0,0,0
0,0,0,0,0,0
0,0,0,0,0,0
0,0,-1.62605e-05,0,0,0
0,0,-0.000386899,0,0,0
0,0,-0.000518792,0,0,0
0,0,-0.000489737,0,0,0
0,0,0,0,0,0
0,0,3.67862e-05,0,0,0
0,0,-0.00057651,0,0,0
0,0,-0.00089148,0,0,0
0,0,-0.00148511,0,0,0
0,0,-0.00184994,0,0,0
0,0,-0.00154462,0,0,0
0,0,-0.00157885,0,0,0
0,0,-0.00205437,0,0,0
0,0,-0.00247812,0,0,0
0,0,-0.00215427,0,0,0
0,0,-0.00269384,0,0,0
0,0,-0.00187525,0,0,0
0,0,-0.0022274,0,0,0
0,0,-0.00269508,0,0,0
0,0,-0.00367331,0,0,0
0,0.000384405,-0.00324039,0,0,0
0,0.000444385,-0.00328126,0,0,0
0,0.0013434,-0.00354853,0,0,0
0,0,0.000422727,0,0,-0.000335729
0,0,-0.000201627,0,0,0
0,0,-0.0009464,0,0,0
0,0,-0.00125239,0,0,0
0,8.51537e-05,-0.00261817,0,0,0
0,0.00139207,-0.00214627,0,0,0
0,0.00188505,-0.00268571,0,0,0
0,0.00181302,-0.00261075,0,0,0
0,0,0.000175515,0,0,0
0,0,-0.00233045,0,0,0
0,0,-0.00221567,0,0,0
0,0,-0.00217896,0,0,0
0,0.000316974,-0.00217891,0,0,0
0,0.00202218,-0.00217901,0,0,0
0,0.00321812,-0.00484841,0,0,0
0,0.00305102,-0.00443148,0,0,0
0,0.00305107,-0.00443071,0,0,0
0,0.00305342,-0.0044317,0,0,0
0,0.00305221,-0.0044319,0,0,0
0,0.00305128,-0.00443121,0,0,0
0,0.00305046,-0.00443133,0,0,0
0,0,-0.0030592,0,0,0
0,0,-0.003525,0,0,0
0,0.000237305,-0.00402742,0,0,0
0,0,-0.00367328,0,0,0
0,0,-0.00540597,0,0,0
0,0,-0.00662598,0,0,0
0,0,-0.00793317,0,0,0
0,0.000213359,-0.00799163,0,0,0
0,0.000247016,-0.00702011,0,0,0
0,0.000249996,-0.00746737,0,0,0
0,0.000249415,-0.00742069,0,0,0
0,0.000533696,-0.00711284,0,0,0
0,0.000497466,-0.00715983,0,0,0
0,0.000500323,-0.00715903,0,0,0
0,0.000497417,-0.00715904,0,0,0
0,0.000498932,-0.00715956,0,0,0
0,0.000499134,-0.00715924,0,0,0
0,0,-0.00367084,0,0,0
0,0,-0.000695192,0,0,-0.000393985
0,0,-0.00160594,0,0,0
0,0,-0.00250481,0,0,0
0,0,-0.00421185,0,0,0
0,0,-0.00160839,0,0,0
0,0,-0.00319663,0,0,0
0,0,-0.00326584,0,0,0
0,0.000478676,-0.00322718,0,0,0
0,0.00107053,-0.00296325,0,0,0
0,0.00227888,-0.0012803,0,0,-0.000206216
0,0.00116506,7.35062e-05,0,0,0
0,0,0,0,0,0
0,0,0,0,0,0
0,0,0,0,0,-0.0021038
0,0,0,0,0,0
0,-0.000137953,-0.000696433,0,0,0
0,0.00115817,-0.00146164,0,0,0
0,0.00229836,-0.00330463,0,0,0
0,0.000328297,-0.00607846,0,0,0
0,0.001117,-0.00618985,0,0,0
0,0.00167593,-0.00762138,0,0,0
0,0.00192591,-0.00558234,0,0,0
0,0.00156342,-0.00555375,0,0,0
0,0.000680056,-0.00618977,0,0,0
0,0,0.000470342,0,0,0
0,0,-0.000458948,0,0,0
0,0,-0.00103724,0,0,0
0,0,-0.0011575,0,0,0
0,-7.0407e-05,-0.00112454,0,0,0
0,2.2146e-05,-0.0015754,0,0,0
0,0,-0.00127429,0,-0.000410554,0
0,0,0,0,0,0
0,0,0,0,0,0
0,0,0,0,0,0
0,0,0,0,0,0
0,2.31522e-05,0,0,0,0
0,0.000296796,0,0,0,0
0,0,0,0,0,0
0,0,0,0,0,0
0,0,0,0,0,0
0,0,0,0,0,0
0,0,0,0,0,0
0,0,0,0,0,0
0,0,0.000980062,0,0.00144787,0
0,0,0.000620391,0,0.00118184,0
0,0,0.000823509,0,0.00156389,0
0,0,0.000397566,0,6.65243e-05,0
0,0,0,0,0,0
0,0,0,0,0,0
0,0,0,0,0,0
0,0,0,0,0,0
0,0,0.00152072,0,0.000743919,0
0,0,0.00135153,0,0.000121211,0
0,0,0.00135101,0,0.000207402,0
0,0,0.00050635,0,0,0
0,0,0.00195543,0,0.000197985,0
0,0,0.00247328,0,0,-0.000104304
0,0.00111847,0,0,0,0
0,0.000152486,0,0,0,0
0,0,0,0,0,0
0,0,0,0,0,-0.0010484
0,0,0,0,0,-0.000500085
0,0,0,0,0,-0.000564442
0,0,0,0,0,0
0,0.0002476,0,0,0.00135424,0
0,0.00111967,0,0,0.00106634,0
0,0.00439592,0,0,0,0
0,0.00396863,0,0,0.00223813,0
0,0.00397169,0,0,0.000216658,0
0,0.00396809,0,0,0.000921874,0
0,0.00396559,0,0,0.000854454,0
0,0.00397304,0,0,0,0
0,0.00396742,0,0,0,0
0,0.00165426,0,0,0,0
0,0.00257415,0,0,0,0
0,0.00318159,0,0,0,0
0,0.00381078,0,0,0.00164467,0
0,0.00481686,0,0,0.00326172,0
0,0.00468344,0,0,0.00298112,0
0,0.00656972,0,0,0,0
0,0.00595549,0,0,0.000428303,0
0,0.00600253,0,0,-3.37845e-05,0
0,0.00716155,0,0,0,0
0,0.00860028,0,0,9.73543e-05,0
0.000402327,0.00473407,0,0,0.00322845,0
0.000480196,0.00515875,0,0,0.00271767,0
0,0.0051551,0,0,-0.000286567,0
0,0.00515578,0,0,0,0
0,0.00478338,0,0,0,0
0,0.000539401,0,0,0,-0.000551958
0,0,0,0,0,-0.00247946
0.000843219,0.00129189,0,0,0,0
0.000226102,0.00156969,0,0,0,0
2.10165e-05,0.000913657,0,0,0,0
0,0.00160682,0,0,0,0
0,8.0448e-05,0,0,0,0
0,0.000237363,-0.000259888,0,0,0
0,0.000234305,0.00123569,0,0.00191719,0
0,0,0.00083037,0,0.000489194,0
0,0.000808484,9.91146e-05,0,0,0
0,0.00104013,3.90913e-05,0,-6.02718e-06,0
0,0.0013141,0,0,0,0
0,0,0,0,0,0
0,0,0,0,0,0
0,0,0,0,0,0
0,0,0,0,0,0
0,0,0,0,0,0
0,0,0,0,0,0
0,0,0,0,0,0
0,0,0,0,0,0
0,0,0,0,0,0
0,0,0,0,0,0
0,0,0,0,0,0
0,0,0,0,0,0
0,0,0,0,0,0
0,0,0,0,0,0
0,0,0,0,0,0
0,0,0,0,0,0
0,0,0,0,0,0
0,0,0,0,0,0
0,0,0,0,0,0
0,0,0,0,0,0
0,0,0,0,0,0
0,0,0,0,0,0
0,0,0,0,0,0
0,0,0,0,0,0
0,0,0,0,0,0
0,0,0,0,0,0
0,0,0,0,0,0
0,0,0,0,0,0
0,0,0,0,0,0
0,0,0,0,0,0
0,0,0,0,0,0
0,0,0,0,0,0
0,0,0,0,0,0
0,0,0,0,0,0
0,0,0,0,0,0
0,0,0,0,0,0
0,0,0,0,0,0
0,0,0,0,0,0
0,0,0,0,0,0
0,0,0,0,0,0
0,0,0,0,0,0
0,0,0,0,0,0
0,0,0,0,0,0
0,0,0,0,0,0
0,0,0,0,0,0
0,0,0,0,0,0
0,0,0,0,0,0
0,0,0,0,0,0
0,0,0,0,0,0
0,-0.000708513,0,0,0,0
0,-0.000481096,0,0,0,0
0,-0.000478218,0,0,0,0
0,-0.000480376,0,0,0,0
0,-0.000480915,0,0,0,0
0,-0.000773718,0,0,0,0
0,-0.000738331,0,0,0,0
0,-0.00134755,0,0,0,0
0,-0.00159091,0,0,0,0
0,-0.00187724,0,0,0,0
0,-0.00183852,0,0,0,0
0,-0.00184114,0,0,0,0
0,-0.00184016,0,0,0,0
0,-0.0018396,0,0,0,0
0,-0.00151746,0,0,0,0
0,-0.00155073,0,0,0,0
0,-0.00187651,0,0,0,0
0,-0.00183867,0,0,0,0
0,-0.00216346,0,0,0,0
0,-0.00212934,0,0,0,0
0,-0.00212751,0,0,0,0
0,-0.00212775,0,0,0,0
0,-0.00249683,0,0,0,0
0,-0.00147027,0,0,0,0
0,-0.00190527,0,0,0,0
0,-0.00122897,0,0,0,0
0,-0.00589533,0,0,0,0
0,-0.00244727,0,0,0,0
0,-0.00277174,0,0,0,0
0,-0.00311532,0,0,0,0
0,-0.00307724,0,0,0,0
0,-0.00383184,0,0,0,0
0,-0.00483368,0,0,-0.00106207,0
-0.000271144,-0.00507177,0,0,0,0
0,-0.00502961,0,0,0,0
0,-0.00503042,0,0,0,0
-0.000882269,-0.00330999,0,0,0,0
-0.000515677,-0.00422713,0,0,0,0
-0.000545286,-0.0041416,0,0,0,0
-0.000546788,-0.00413854,0,0,0,0
0,-0.00674324,0,0,0,0
0,-0.0070084,0,0,-0.000824177,0
0,-0.00779324,0,0,0,0
0,-0.0061428,0,0,0,0
0,-0.0059446,0,0,0,0
0,0.000226176,0,0,0,0
0,-0.000660746,0,0,0,0
0,-6.46759e-05,0,0,0,0
-4.05778e-05,-0.000129451,0,0,0,0
-9.5855e-05,-0.0001286,0,0,0,0
-0.000657312,-0.000403192,0,0,0,0
-0.000306194,0,0,0,0,0
-0.000340779,0,0,0,0,0
0,0,0,0,0,0
-0.000336749,0,0,0,0,0
-0.00122468,0,0,0,0,0
-0.00142931,0,0,0,0,0
-0.00139282,0,0,0,0,0
-0.00171156,0,0,0,0,0
-0.00167912,0,0,0,0,0
-0.00135628,0,0,0,0,0
-0.00139167,0,0,0,0,0
-0.0013942,0,0,0,0,0
-0.00139667,0,0,0,0,0
-0.001396,0,0,0,0,0
-0.0013957,0,0,0,0,0
-0.00270856,0,0,0,0,0
-0.00542606,0,0,0,0,0
-0.00433228,0,0,0,0,0
-0.00405743,0,0,0,0,0
-0.00558153,0,0,0,0,0
-0.00615143,0,0,0,0,0
-0.00605323,0,0,0,0,0
-0.00492521,0,0,0,0,0
-0.00506376,0,0,0,0,0
-0.00432457,0,0,0,0,0
-0.00628468,0,0,0,0,0
-0.00682714,0,0,0,0,0
-0.00593752,0,0,0,0,0
-0.00603996,0,0,0,0,0
-0.00719487,0,0,0,0,0
-0.00686326,0,0,0,0,0
0,0,0,0,0,0
0.00039739,0,0,0,0,0
-0.000883597,0,0,0,0,0
-0.00174668,0,0,0,0,0
-0.001633,0,0,0,0,0
-0.00196202,0,0,0,0,0
-0.00159914,0,0,0,0,0
-0.000710994,0,0,0,0,0
2.90287e-05,0,0,0,0,0
0,0,0,0,0,0
0,0,0,0,0,0
0,0,0,0,0,0
0,0,0.000516756,0,0.00200712,0
0,0,0.00044339,0,0.00154357,0
0,0,0,0,0,0
0,0,0,0,0,0
0,0,-6.6861e-05,0,0,0
0,0,0,0,0,0
0,0,0,0,0,0
0,0,0,0,0,0
0,0,0,0,0,0
0,0,0,0,0,0
0,0,0,0,0,0
0,0,0,0,0,0
0,0,0.000348442,0,0,0
0,0,0.00109149,0,0.00153797,0
0,0,0.000755602,0,0.000748904,0
0,0,0.000392437,0,0,0
0,0,9.31014e-05,0,0,0
0,0,0,0,0,0
0,0,0,0,0,0
0,0,0,0,0,0
0,0,0,0,0,0
0,0,0.000146275,0,0.000189491,0
0,0,0.00255315,0,0,0
0,0,-0.000288391,0,0,0
0,0,1.3517e-05,0,0,0
0,0,1.30425e-05,0,0,0
0,0,0.00590737,0,0.00380793,0
0,0,0.00546264,0,0.00638862,0
0,0,0.00537515,0,0.00436728,0
0,0,0.00368353,0,-0.000402881,0
0,0,0.00392789,0,0.000348397,0
0,0,0.00338547,0,0,0
0,0,0.00400983,0,0.00626503,0
0,0,0.00285806,0,0.00218642,0
0,0,0.00176212,0,0,0
0,0,0.00146903,0,0,0
0,0,0.00108894,0,0,0
0,0,0.00502551,0,0.00503776,0
0,0,0.00252197,0,-0.000548171,0
0,0,0.00253416,0,8.99487e-05,0
0,0,0.0020731,0,0,0
0,0,0.0023946,0,0,0
0,0,0.00312553,0,0.000498869,0
0,0,0.00224448,0,0,0
0,0,0.00186545,0,0,0
0,0,0.00242931,0,0,0
0,0,0.00312547,0,0,0
0,0,0.0015213,0,0,0
0,0,0.00105098,0,0,0
0,0,0.000933491,0,0,0
0,0,0.00140536,0,0,0
0,0,0.00133845,0,0,0
0,0,0.00204196,0,0.00155257,0
0,0,0.00242691,0,0.00118174,0
0,0,0.00394276,0,0.00569427,0
0,0,0.00316194,0,0.00232706,0
0,0,0.0027192,0,0.00309457,0
0,0,0.000686753,0,0,0
0,0,0.00264943,0,0.000183169,0
0,0,0.00238537,0,4.67564e-05,0
0,0,0.00142547,0,0,0
0,0,0.00203763,0,0,0
0,0,0.00246171,0,0.00151496,0
0,0,0.00369528,0,0.00566161,0
0,0,0.0034956,0,0.00371524,0
0,0,0.00195677,0,0.00123635,0
0,0,0,0,0,0
0,0,0,0,0,0
0,0,0,0,0,0
0,-8.38638e-05,-0.000267866,0,0,0
0,0,0.00119485,0,0,0
0,0,0.00215654,0,0,0
0,0,0.00272599,0,0.0015316,0
0,0,0.00261317,0,0.00147258,0
0,0,0.000958745,0,0,0
0,0,0,0,0,0
0,0,2.62096e-05,0,0,0
0,0,0.00117531,0,0,0
0,0,0.00292977,0,0.000813766,0
0,0,0.0014144,0,0,0
0,0,0.00206326,0,0,0
0,0,0.000855371,0,0,0
0,0,0,0,0,0
0,0,0,0,0,0
0,0,0,0,0,0
0,0,0.000225961,0,0,0
0,0,0,0,0,0
0,0,0,0,0,0
0,0,0,0,0,0
0,0,0,0,0,0
0,0,0,0,0,0
0,0,0,0,0,0
0,0,0,0,0,0
0,0,0,0,0,0
0,0,0,0,0,0
0,0,0,0,0,0
0,0,0,0,0,0
0,0,0,0,0,0
0,0,0,0,0,0
0,0,0,0,0,0
0,0,0,0,0,0
0,0,0,0,0,0
0,0,0,0,0,0
0,0,0,0,0,0
0,0,0,0,0,0
0,0,0,0,0,0
0,0,0,0,0,0
0,0,0,0,0,0
0,0,0,0,0,0
0,0,0,0,0,0
0,0,0,0,0,0
0,0,0,0,0,0
0,0,0,0,0,0
0,0,0,0,0,0
0,0,0,0,0,0
0,0,0,0,0,0
0,0,0,0,0,0
0,0,0,0,0,0
0,0,0,0,0,0
0,0,0,0,0,0
0,0,0,0,0,0
0,0,0,0,0,0
0,0,0,0,0,0
0,0,0,0,0,0
0,0,0,0,0,0
0,0,0,0,0,0
0,0,0,0,0,0
0,0,0,0,0,0
0,0,0,0,0,0
0,0,0,0,0,0
0,0,0,0,0,0
0,0,0,0,0,0
0,0,0,0,0,0
0,0,0,0,0,0
0,0,0,0,0,0
0,0,0,0,0,0
0,0,0,0,0,0
0,0,0,0,0,0
0,0,0,0,0,0
0,0,0,0,0,0
0,0,0,0,0,0
0,0,0,0,0,0
0,0,0,0,0,0
0,0,0,0,0,0
0,0,0,0,0,0
0,0,0,0,0,0
0,0,0,0,0,0
0,0,0,0,0,0
0,0,0,0,0,0
0,0,0,0,0,0
0,0,0,0,0,0
0,0,0,0,0,0
0,0,0,0,0,0
0,0,0,0,0,0
0,0,0,0,0,0
0,0,0,0,0,0
0,0,0,0,0,0
0,0,0,0,0,0
0,0,0,0,0,0
0,0,0,0,0,0
0,0,0,0,0,0
0,0,0,0,0,0
0,0,0,0,0,0
0,0,0,0,0,0
0,0,0,-3.37022e-05,0,0
0,0,0,0.000445775,0,0
0,0,0,0.000279452,0,0
0,0,0,0.000718922,0,0
0,0,0,0.000771277,0,0
0,0,0,0.000754437,0,0
0,0,0,0.001571,0,0
0,0,0,0.00179521,0,0
0,0,0,0.00174484,0,0
0,0,0,0.00243738,0,0
0,0,0,0.00219245,0,0
0,0,0,0.00212662,0,0
0,0,0,0.00260328,0,0
0,0,0,0.00244863,0,0
0,0,0,0.00257747,0,0
0,0,0,0.00335394,0,0
0,0,0,0.00437718,0,0
0,0,0,0.00279323,0,0
0,0,0,0.00267248,0,0
0,0,0,0.00216694,0,0
0,0,0,0.00215862,0,0
0,0,0,0.00199809,0,0
0,0,0,0,0,0
0,0,0,0,0,0
0,0,0,0,0,0
0,0,0,0,0,0
0,0,0,0,0,0
0,0,0,0,0,0
0,0,0,0,0,0
0,0,0,0,0,0
0,0,0,0,0,0
0,0,0,0,0,0
0,0,0,0,0,0
0,0,0,0,0,0
0,0,0,0,0,0
0,0,0,0,0,0
0,0,0,0,0,0
0,0,0,0,0,0
0,0,0,0,0,0
0,0,0,0,0,0
0,0,0,0,0,0
0,0,0,0,0,0
0,0,0,0,0,0
0,0,0,0,0,0
0,0,0,0,0,0
0,0,0,0,0,0
0,0,0,0,0,0
0,0,0,0,0,0
0,0,0,0,0,0
0,0,0,0,0,0
0,0,0,0,0,0
0,0,0,0,0,0
0,0,0,0,0,0
0,0,0,0,0,0
0,0,0,0,0,0
0,0,0,0,0,0
0,0,0,0,0,0
0,0,0,0,0,0
0,0,0,0,0,0
0,0,0,0,0,0
0,0,0,0,0,0
0,0,0,0,0,0
0,0,0,0,0,0
0,0,0,0,0,0
0,0,0,0,0,0
0,0,0,0,0,0
0,0,0,0,0,0
0,0,0,0,0,0
0,0,0,0,0,0
0,0,0,0,0,0
0,0,0,0,0,0
0,0,0,0,0,0
0,0,0,0,0,0
0,0,0,0,0,0
0,0,0,0,0,0
0,0,0,0,0,0
0,0,0,0,0,0
0,0,0,0,0,0
0,0,0,0,0,0
0,0,0,0,0,0
0,0,0,0,0,0
0,0,0,0,0,0
0,0,0,0,0,0
0,0,0,0,0,0
0,0,0,0,0,0
0,0,0,0,0,0
0,0,0,0,0,0
0,0,0,0,0,0
0,0,0,0,0,0
0,0,0,0,0,0
0,0,0,0,0,0
0,0,0,0,0,0
0,0,0,0,0,0
0,0,0,0,0,0
0,0,0,0,0.00293847,0
0,0,0,0,0.000851937,0
0,0,0,0,0.000375686,0
0,0,0,0,0.000299093,0
0,0,0,0,-7.39662e-06,0
0,0,0,0,0.000599741,0
0,0,0,0,0,0
0,0,0,0,0,0
0,0,0,0,0.000647152,0
0,0,0,0,0,0
0,0,-0.00150515,-0.00180348,0.00238718,0
0,0,-0.000959969,-0.000738902,0.00139359,0
0,0,-0.000994014,-0.00128798,0.00140059,0
0,0,-0.00058237,-0.00167491,0.00203285,0
0,0,0,-0.00183783,0.00611726,0
0,0,0,-0.00112349,0.00603042,0
0,0,0,-0.00133369,0.00665565,0
0,0,0,0,0.00148583,0
0,0,0,0,0.00198503,0
0,0,0,0,0.00202543,0
0,0,0,0,0.00322554,0
0,0,0,0,0.00631216,0
0,0,0,0,0.00322871,0
0,0,0,0,0.00341588,0
0,0,0,0,0.000325283,0
0,0,0,0,1.7879e-05,0
0,0,0,0,0.0014276,0
0,0,0,0,0.00122051,0
0,0,0,0,0.000357962,0
0,0,0,0,0.00319052,0
0,0,0,0,0.00464631,0
0,0,0,0,0.0017838,0
0,0,0,0,0.00231628,0
0,0,0,0,0.00151199,0
0,0,0,0,0.000943908,0
0,0,0,0,0.00109884,0
0,0,0,0,0.00303525,0
0,0,0,-7.81601e-05,0.000545469,0
0,0,0,0,-6.59341e-06,0
0,0,0,0,0.00238395,0
0,0,0,0,0.000991774,0
0,0,0,0,0.00161304,0
0,0,0,0,0.00243356,0
0,0,0,0,0.00179627,0
0,0,0,0,0.00187345,0
0,0,0,-0.000125475,0.00268425,0
0,0,0,-0.000143668,0.00255487,0
0,0,0,0,0.0051229,0
0,0,0,-0.00036361,0.00158878,0
0,0,0,0,0.00634481,0
0,0,0,0,0.00121377,0
0,0,0,0,0.0023496,0
0,0,0,0,0.00207996,0
0,0,0,0,0,0
0,0,0,0,-3.65052e-05,0
0,0,0,0,0,0
0,0,0,0,0,0
0,0,0,0,0,0
0,0,0,0,0,0
0,0,0,0,0,0
0,0,0,0,0,0
0,0,0,0,0,0
0,0,0,0,0,0
0,0,0,0,0,0
0,0,0,0,0,0
0,0,0,0,0,0
0,0,0,0,0,0
0,0,0,0,0,0
0,0,0,0,0,0
0,0,0,0,0,0
0,0,0,0,0,0
0,0,0,0,0,0
0,0,0,0,0,0
0,0,0,0,0,0
0,0,0,0,0,0
0,0,0,0,0,0
0,0,0,0,0,0
0,0,0,0,0,0
0,0,0,0,0,0
0,0,0,0.000455171,0,0
0,0,0,0.000480128,0,0
0,0,0,0.000460741,0,0
0,0,0,0.000876602,0,0
0,0,0,0.000928995,0,0
0,0,0,0.000856123,0,0
0,0,0,0.000780581,0,0
0,0,0,0.0011584,0,0
0,0,0,0.00236181,0,0
0,0,0,0.00244039,0,0
0,0,0,0.00240183,0,0
0,0,0,0.00246099,-0.00112924,0
0,0,0,0.00280309,0,0
0,0,0,0.00263415,0,0
0,0,0,0.0030036,0,0
0,0,0,0.00236821,0,0
0,0,0,0.00292003,-0.000559584,0
0,0,0,0.00338319,-0.000287781,0
0,0,0,0.0065551,-0.00476199,0
0,0,0,0.00629561,0,0
0,0,0,0.00594992,0,0
0,0,0,0,0.000831102,0
0,0,0,0,0,0
0,0,0,0,0,0
0,0,0,0,0,0
0,0,0,0,0,0
0,0,0,0,0,0
0,0,0,0,0,0
0,0,0,0,0,0
0,0,0,0,0,0
0,0,0,0,0,0
0,0,0,0,0,0
0,0,0,0,0,0
0,0,0,0,0,0
0,0,0,0,0,0
0,0,0,0,0,0
0,0,0,0,0,0
0,0,0,0,0,0
0,0,0,0,0,0
0,0,0,0,0,0
0,0,0,0,0,0
0,0,0,0,0,0
0,0,0,0,0,0
0,0,0,0,0,0
0,0,0,0,0,0
0,0,0,0,0,0
0,0,0,0,0,0
0,0,0,0,0,0
0,0,0,0,0,0
0,0,0,0,0,0
0,0,0,0,0.000559963,0
0,0,0,0,0,0
0,0,0,0,0,0
0,0,0,0,0,0
0,0,0,0,0,0
0,0,0,0,0,0
0,0,0,0,0,0
0,0,0,0,0,0
0,0,0,0,0.000436302,0
0,0,0,0,9.58634e-05,0
0,0,0,0,0.00130307,0
0,0,0,0,0.00111868,0
0,0,0,0,0,0
0,0,0,0,0,0
0,0,0,0,0,0
0,0,0,0,0,0
0,0,0,0,0,0
0,0,0,0,0,0
0,0,0,0,0,0
0,0,0,0,0,0
0,0,0,0,0,0
0,0,0,0,0,0
0,0,0,0,0.00134529,0
0,0,0,0,0,0
0,0,0,0,0,0
0,0,0,0,0,0
0,0,0,0,0,0
0,0,-1.79865e-05,0,0.00162609,0
0,0,0,0,0.00308258,0
0,0,0,0,0.00179981,0.000186411
0,0,0,0,0.00234828,0
0,0,-0.00196496,0,0.00247772,-0.00014326
0,0,-0.000191679,0,0.00750316,0
0,0,0,0,0.00725226,-0.00146097
0,0,0,0,0.00799039,-0.00011436
0,0,-0.00306314,0,0.0027022,-0.00115247
0,0,-0.00314243,0,0.00195995,-0.0018782
0,0,-0.00229687,0,0.00574972,-0.00119754
0,0,-0.00167806,0,0.00710736,-0.00111811
0,0,-0.00251974,0,0.00556259,-0.0026317
0,0,-0.00266159,0,0.00550148,-0.00239397
0,0,-0.00262292,0,0.00738943,-0.00245286
0,0,0,0,0,-0.00253846
0,0,0,0,-0.00121468,0.000210654
0,0,0,0,-0.00649276,0
0,0,0,0,-0.00535801,0
0,0,0,0,-0.000993769,0
0,0,0,0,-0.00184461,0
0,0,0,0,-0.00157976,0
0,0,0,0,-0.00161676,0
0,0,0,0,-0.00287227,0
0,0,0,0,-0.00204358,0
0,0,0,0,-0.00146663,0
0,0,0,0,-0.00220763,0
0,0,0,0,-0.00976588,0
0,0,0,0,-0.00444064,0
0,0,0,0,-0.00969457,0
0,0,0,0,-0.00894369,0
0,0,0,0,-0.00869179,0
0,0,0,0,-0.0108449,0
0,0,0,0,-0.010087,0
0,0,0,0,-0.00934834,0
0,0,0,0,-0.0094743,0
0,0,0,0,-0.010193,0
0,0,0,0,-0.0208246,0
0,0,0,0,-0.0190562,0
0,0,0,0,-0.0202057,0
0,0,0,0,-0.0185242,0
0,0,0,0,-0.0190414,0
0,0,0,0,-0.0175686,0
0,0,0,0,-0.0197204,0
0,0,0,0,-0.0220195,0
0,0,0,0,-0.0191036,0
0,0,0,0,-0.0194931,0
0,0,0,0,-0.017141,0
0,0,0,0,-0.0181783,0
0,0,0,0,-0.0156324,0
0,0,0,0,-0.0160108,0
0,0,0,0,-0.0181719,0
0,0,0,0,-0.012936,0
0,0,0,0,-0.0143194,0
0,0,0,0,-0.0143655,0
0,0,0,0,-0.0141096,0
0,0,0,0,-0.0137928,0
0,0,0,0,-0.0168857,0
0,0,0.00103895,0,-0.0114179,0
0,0,0,0,-0.0093087,0
0,0,0,0,-0.0082519,0
0,0,0,0,-0.00539009,0
0,0,0,0,-0.00475425,0
0,0,0,0,-0.00378417,0
0,0,0,0,-0.0038076,0
0,0,0,0,-0.00500347,0
0,0,0,0,-0.00292289,0
0,0,0,0,-0.00281634,0
0,0,0,0,-0.00287961,0
0,0,0,0,-0.00220523,0
0,0,0,0,-0.00439421,0
0,0,0,0,-0.00584241,0
0,0,0,0,-0.00486617,0
0,0,0,0,0,0
0,0,0,0,0,0
0,0,0,0,-0.000329053,0
0,0,0,0,-0.00258803,0
0,0,0,0,-0.00076908,0
0,0,0,0,-0.00124869,0
0,0,0,0,-0.000879924,0
0,0,0,0,-0.000932954,0
0,0,0,0,-0.0019415,0
0,0,0,0,-0.00304151,0
0,0,0,0,-0.00346464,0
0,0,0,0,-0.000922381,0
0,0,0,0,-0.00180495,0
0,0,0,0,-0.00246862,0
0,0,0,0,0,0
0,0,0,0,0,0
0,0,0,0,-0.00184468,0
0,0,-0.000218773,0,-0.00260171,0
0,0,0,0,-0.00106566,0
0,0,0,0,-0.000283662,0
0,0,0,0,-0.00228741,0
0,0,0,0,-0.00134882,0
0,0,0,0,1.787e-05,0
0,0,0,0,-0.000401031,0
0,0,0,0,-0.000370715,0
0,0,0,0,0,0
0,0,0,0,0,0
0,0,0,0,0,0
0,0,0,0,0,0
0,0,0,0,0,0
0,0,0,0,-0.00249507,0
0,0,0,0,0,0
0,0,0,0,0,0
0,0,0,0,-0.000878071,0
0,0,0,0,-0.000726095,0
0,0,0,0,-0.00144327,0
0,-9.73857e-05,0,-0.00329882,0,-0.00192622
0,-9.86935e-05,0,-0.00197316,0,-0.00166822
0,0,0,-0.0151808,-0.000155861,-0.000573582
0,0,0,-0.0130819,0,-0.00160296
0,0,0,-0.0137539,0,-0.00177877
0,0,0,-0.014292,-0.000733155,-0.00276537
0,0,0,-0.0148021,0,-0.00299487
0,0,0,-0.0162613,0,-0.0139808
0,0,0,-0.016034,0,-0.0122832
0,0,0,-0.0157815,0,-0.0111618
0,0,0,-0.0161809,0,-0.0115208
0,0,0,-0.0166715,0,-0.0106536
0,0,0,-0.01747,0,-0.0109043
0,0,0,-0.0174887,0,-0.0107479
0,-0.0024452,0,-0.0145562,0,-0.0143293
0,-0.000985695,0,-0.0167348,0,-0.0181516
0,-0.00111569,0,-0.0164762,0,-0.0175093
0,0,0,-0.0169868,0,-0.0147423
0,0,0,-0.017499,0,-0.0136594
0,0,0,-0.0133198,0,-0.00843831
0,0,0,-0.0132364,0,-0.00949371
0,0,0,-0.0132624,0,-0.00846808
0,0,0,-0.013273,0,-0.00769536
0,-7.41232e-05,0,-0.0121623,0,-0.00911709
0,0,0,-0.0128419,0,-0.0074729
0,0,0,-0.0119389,0,-0.00741565
0,0,0,-0.0120567,0,-0.00746164
0,0,0,-0.0117126,0,-0.00759176
0,0,0,-0.0113859,0,-0.00659175
0,0,0,-0.0111685,0,-0.00679261
0,0,0,-0.00290995,0,0
0,-4.62923e-05,0,-0.00332312,0,0
0,-0.000336435,-0.00022718,-0.0036935,0,0.00068957
0,0,-0.001223,0,0.000805986,-0.000834746
0,0,-0.00105888,0,0.000570651,-0.000758988
0,0,-0.00105858,0,0.000570908,-0.000759673
0,0,-0.00105885,0,0.000569759,-0.000761835
0,0,-0.00105973,0,0.000568997,-0.000755767
0,0,-0.00105863,0,0.000569939,-0.000761925
0,0,-0.000259998,0,9.91521e-05,-0.00102133
0,0,-0.00141196,0,0,-0.000181849
0,0,-0.00102668,0,0,-0.000513855
0,0,-0.00150536,0,0,-0.00064707
0,0,0,0,0,-0.00245719
0,0,0,0,0,-0.00325863
0,0,0,0,0,-0.00437885
0,0,0,0,0,-0.00340851
0,0,0,0,0,-0.00166614
0,0,0,0,9.37821e-05,-0.00197961
0,0,0,0,0,-0.00101539
0,0,0,0,0,-0.00206672
0,0,0,0,0,-0.00245687
0,0,0,0,0,-0.000992615
0,0,0,0,0,-0.00128245
0,0,0,0,0,-0.000549563
0,0,0,0,0,-0.000653381
0,0,0,0,0.000242669,-0.00138299
0,0,0,0,0,-0.00156102
0,0,0,0,0,-0.00134764
0,0,0,0,0,-0.000814171
0,0,0,0,0,-0.00108129
0,0,0,0,0,1.33389e-05
0,0,0,0,0,-2.78472e-05
0,0,0,0,0,-0.000285454
0,0,0,0,0,0
0,0,0,0,0,-0.000398107
0,0,0,0,0,-0.000686801
0,0,0,0,0,-0.000470846
0,0,0,0,0,0
0,0,0,0,0,0
0,0,0,0,0,0
0,0,0,0,0,-0.000394284
0,0,0,0,0.000157513,4.7537e-05
0,0,0,0,0,-0.000812798
0,0,0,0,0,-0.000197735
0,0,0,0,0,0
0,0,0,0,0,-0.00023566
0,0,0,0,0,-0.000243036
0,0,0,0,0,-0.000131237
0,0,0,0,0,-0.000257348
0,0,0,0,0,-0.000406051
0,0,0,0,0.000447092,0
0,0,0,0,0,0
0,0,0,0,0.00126914,-3.16653e-05
0,0,0,0,0.00113178,-8.09475e-05
0,0,0,0,0,-3.10664e-05
0,0,0,0,0,0
0,0,0,0,0,-0.000665217
0,0,0,0,0,-0.000296603
0,0,0,0,0,0
0,0,0,0,0,0
0,0,0,0,0,0
0,0,0,0,0,0
0,0,0,0,0,0
0,0,0,0,0,0
0,0,0,0,0,-0.000230408
0,0,0,0,0,0
0,0,0,0,0,0
0,0,0,0,0,0
0,0,0,0,0,0
0,0,0,0,0,0
0,0,0,0,0,0
0,0,0,0,0,0
0,0,0,0,0,0
0,0,0,0,0,0
0,0,0,0,0,0
0,0,0,0,0,0
0,0,0,0,0,0
0,0,0,0,0,0
0,0,0,0,0,0
0,0,0,0,0,0
0,0,0,0,0,0
0,0,0,0,0,0
0,0,0,0,0,0
0,0,0,0,0,0
0,0,0,0,0,0
0,0,0,0,0,0
0,0,0,0,0,0
0,0,0,0,0,0
0,0,0,0,0,0
0,0,0,0,0,0
0,0,0,0,0,0
0,0,0,0,0,0
0,0,0,0,0,0
0,0,0,0,0,0
0,0,0,0,0,0
0,0,0,0,0,0
0,0,0,0,0,0
0,0,0,0,0,0
0,0,0,0,0,0
0,0,0,0,0,0
0,0,0,0,0,0
0,0,0,0,0,0
0,0,0,0,0,0
0,0,0,0,0,-2.95604e-05
0,0,0,0,0,0
0,0,0,0,0,0
0,0,0,0,0,0
0,0,0,0,0,0
0,0,0,0,0,0
0,0,0,0,0,0
0,0,0,0,0,0
0,0,0,0,0,0
0,0,0,0,0,0
0,0,0,0,0,0
0,0,0,0,0,0
0,0,0,0,0,0
0,0,0,0,0,0
0,0,0,0,0,0
0,0,0,0,0,0
0,0,0,0,0,0
0,0,0,0,0,0
0,0,0,0,0,0
0,0,0,0,0,0
0,0,0,0,0,0
0,0,0,0,0.00161444,0
0,0,0,0,0.000349226,0
0,0,0,0,0,0
0,0,0,0,0,0
0,0,0,0,0.00165101,0
0,0,0,0,0.0013774,0
0,0,0,0,0.00217912,0
0,0,0,0,0.00205262,0
0,0,0,0,0.000167208,0
0,0,0,0,0.00157197,0
0,0,0,0,0,0
0,-0.000251068,0,0,0.00387599,0
0,0,0,0,0,0
0,0,0,0,0,0
0,0,0,0,0,0
0,0,0,0,0,0
0,0,0,0,0,0
0,0,-0.000517029,0,-0.00499087,0
0,0,-0.000647638,0,-0.00359748,0
0,0,-0.000647313,0,-0.00256583,0
0,0,-9.28289e-05,0,-0.00160395,0
0,0,0,0,0,0
0,0,0,0,0,0
0,0,0,0,0,0
0,0,0,0,0,0
0,0,-0.00162331,0.00301418,-0.00897618,0
0,0,-0.0029106,0.00223647,0.000351329,0
0,0,-0.00145588,0.00249859,0,0
0,0,-0.00117442,0.00242775,0,0
0,0,-0.000607731,0.00248949,0,0
0,0,-0.000313154,0.00245243,0,0
0,0,-0.000370137,0.00216724,0,0
0,0,-0.000190374,0.00226653,0,0
0,0,-0.00021792,0.00225768,0,0
0,0,-0.000589669,0.00208378,0,0
0,0,-0.00115166,0.00225377,-0.00162893,0
0,0,-0.00105473,0.00231966,-0.00191971,0
0,0,-0.000256867,0.000218961,-0.000709238,0
0,0,-0.000370422,0.00032022,-8.52384e-05,0
0,0,0,0,0,0
0,0,0,0.000154501,0,0
0,0,0,0,0,0
0,0,0,0,0,0
0,0,0,0,0,0
0,0,0,0,0,0
0,0,0,0.000513896,0,0
0,0,0,0,0,0
0,0,0,0,0,0
0,0,0,0,0,0
0,0,0,0,0,0
0,0,0,0,0,0
0,0,0,0,0,0
0,0,0,0,0,0
0,0,0,-1.51011e-06,0,0
0,0,0,0,0,0
0,0,0,0,0,0
0,0,0,0,0,0
0,0,0,0,0,0
0,0,0,0,0,0
0,0,0,0,0,0
0,0,0,0,0,0
0,0,0,0,0,0
0,0,0,0,0,0
0,0,0,0,0,0
0,0,0,0,0,0
0,0,0,0,0,0
0,0,0,0,0,0
0,0,0,0,0,0
0,0,0,0,0,0
0,0,0,0,0,0
0,0,0,0,0,0
0,0,0,0,0,0
0,0,0,0,0,0
0,0,0,0,0,0
0,0,0,0,0,0
0,0,0,0,0,0
0,0,0,0,0,0
0,0,0,0,0,0
0,0,0,0,0,0
0,0,0,0,0,0
0,0,0,0,0,0
0,0,0,0,0,0
0,0,0,0,0,0
0,0,0,0,0,0
0,0,0,0,0,0
0,0,0,0,0,0
0,0,0,0,0,0
0,0,0,0,0,0
0,0,0,0,0,0
0,0,0,0,0,0
0,0,0,0,0,0
0,0,0,0,0,0
0,0,0,0,0,0
0,0,0,0,0,0
0,0,0,0,0,0
0,0,0,0,0,0
0,0,0,0,0,0
0,0,0,0,0,0
0,0,0,0,0,0
0,0,0,0,0,0
0,0,0,0,0,0
0,0,0,0,0,0
0,0,0,0,0,0
0,0,0,0,0,0
0,0,0,0,0,0
0,0,0,0,0,0
0,0,0,0,0,0
0,0,0,0,0,0
0,0,0,0,0,0
0,0,0,0,0,0
0,0,0,0,0,0
0,0,0,0,0,0
0,0,0,0,0,0
0,0,0,0,0,0
0,0,0,0,0,0
0,0,0,0,0,0
0,0,0,0,0,0
0,0,0,0,0,0
0,0,0,0,0,0
0,0,0,0,0,0
0,0,0,0,0,0
0,0,0,0,0,0
0,0,0,0,0,0
0,0,0,0,0,0
0,0,0,0,0,0
0,0,0,0,0,0
0,0,0,0,0,0
0,0,0,0,0,0
0,0,0,0,0,0
0,0,0,0,0,0
0,0,0,0,0,0
0,0,0,0,0,0
0,0,0,0,0,0
0,0,0,0,0,0
0,0,0,0,0,0
0,0,0,0,0,0
0,0,0,0,0,0
0,0,0,0,0,0
0,0,0,0,0,0
0,0,0,0,0,0
0,0,0,0,0,0
0,0,0,0,0,0
0,0,0,0,0,0
0,0,0,0,0,0
0,0,0,0,0,0
0,0,0,0,0,0
0,0,0,0,0,0
0,0,0,0,0,0
0,0,0,0,0,0
0,0,0,0,0,0
0,0,0,0,0,0
0,0,0,0,0,0
0,0,0,0,0,0
0,0,0,0,0,0
0,0,0,0,0,0
0,0,0,0,0,0
0,0,0,0,0,0
0,0,0,0,0,0
0,0,0,0,0,0
0,0,0,0,0,0
0,0,0,0,0,0
0,0,0,0,0,0
0,0,0,0,0,0
0,0,0,0,0,0
0,0,0,0,0,0
0,0,0,0,0,0
0,0,0,0,0,0
0,0,0,0,0,0
0,0,0,0,0,0
0,0,0,0,0,0
0,0,0,0,0,0
0,0,0,0,0,0
0,0,0,0,0,0
0,0,0,0,0,0
0,0,0,0,0,0
0,0,0,0,0,0
0,0,0,0,0,0
0,0,0,0,0,0
0,0,0,0,0,0
0,0,0,0,0,0
0,0,0,0,0,0
0,0,0,0,0,0
0,0,0,0,0,0
0,0,0,0,0,0
0,0,0,0,0,0
0,0,0,0,0,0
0,0,0,0,0,0
0,0,0,0,0,0
0,0,0,0,0,0
0,0,0,0,0,0
0,0,0,0,0,0
0,0,0,0,0,0
0,0,0,0,0,0
0,0,0,0,0,0
0,0,0,0,0,0
0,0,0,0,0,0
0,0,0,0,0,0
0,0,0,0,0,0
0,0,0,0,0,0
0,0,0,0,0,0
0,0,0,0,0,0
0,0,0,0,0,0
0,0,0,0,0,0
0,0,0,0,0,0
0,0,0,0,0,0
0,0,0,0,0,0
0,0,0,0,0,0
0,0,0,0,0,0
0,0,0,0,0,0
0,0,0,0,0,0
0,0,0,0,0,0
0,0,0,0,0,0
0,0,0,0,0,0
0,0,0,0,0,0
0,0,0,0,0,0
