-0.294628,-0.345545,0.436103,1.16752,-0.971911,1.58487
-0.294549,-0.345526,0.435536,1.16748,-0.971962,1.58496
-0.29467,-0.345514,0.434458,1.16746,-0.972128,1.58499
-0.294686,-0.345504,0.433515,1.16744,-0.972125,1.58502
-0.294674,-0.345492,0.433515,1.16745,-0.972163,1.58502
-0.294674,-0.345471,0.432442,1.16736,-0.972379,1.5852
-0.294739,-0.345466,0.432528,1.16744,-0.972189,1.58497
-0.29474,-0.345285,0.432934,1.17298,-0.96778,1.58958
-0.294733,-0.344468,0.435336,1.20525,-0.942155,1.61479
-0.294564,-0.343724,0.437086,1.22886,-0.922844,1.63352
-0.294516,-0.343697,0.437195,1.23063,-0.921387,1.63517
-0.294557,-0.34371,0.437243,1.23073,-0.921228,1.63504
-0.29454,-0.343664,0.437162,1.23979,-0.921509,1.63577
-0.2946,-0.343479,0.437051,1.28042,-0.921401,1.63777
-0.294642,-0.343353,0.436926,1.28953,-0.92165,1.63819
-0.294629,-0.343836,0.43699,1.27844,-0.926071,1.63359
-0.294145,-0.345535,0.437156,1.23178,-0.943286,1.61576
-0.293453,-0.347257,0.437168,1.17358,-0.964243,1.59262
-0.293336,-0.347783,0.437075,1.15151,-0.972025,1.58345
-0.293241,-0.347703,0.437087,1.15144,-0.972155,1.5833
-0.293181,-0.347779,0.437085,1.15132,-0.972076,1.58354
-0.293265,-0.347601,0.436949,1.15761,-0.968062,1.58772
-0.293633,-0.346687,0.436636,1.19154,-0.944653,1.61097
-0.293764,-0.345856,0.436454,1.21585,-0.927924,1.62681
-0.293737,-0.345795,0.436417,1.21702,-0.927203,1.62754
-0.293736,-0.345788,0.436343,1.21701,-0.927323,1.62759
-0.293711,-0.345761,0.435137,1.21693,-0.927651,1.62778
-0.293767,-0.345762,0.435188,1.21714,-0.927451,1.62764
-0.293822,-0.345774,0.435317,1.2251,-0.927885,1.62888
-0.293887,-0.346041,0.435652,1.26957,-0.93024,1.63666
-0.294071,-0.346073,0.436002,1.31627,-0.932173,1.64424
-0.294173,-0.346031,0.436203,1.32468,-0.932197,1.64519
-0.294173,-0.346024,0.436128,1.32498,-0.932375,1.6452
-0.294075,-0.346291,0.436218,1.31785,-0.933489,1.64333
-0.293631,-0.347331,0.436492,1.2719,-0.941134,1.63004
-0.292982,-0.348458,0.436677,1.21221,-0.950422,1.61218
-0.292853,-0.34875,0.436858,1.18766,-0.953932,1.60414
-0.292763,-0.348748,0.436688,1.18729,-0.954357,1.60443
-0.29266,-0.348799,0.436724,1.18714,-0.954121,1.60455
-0.29193,-0.350675,0.436164,1.19506,-0.95507,1.60498
-0.288581,-0.36047,0.433511,1.23726,-0.959136,1.60639
-0.282566,-0.377689,0.428784,1.31268,-0.965687,1.60813
-0.27797,-0.390322,0.425063,1.36975,-0.970406,1.60914
-0.276225,-0.395269,0.423763,1.39223,-0.971748,1.60908
-0.276169,-0.395342,0.423751,1.39258,-0.971646,1.60909
-0.276242,-0.395643,0.423844,1.38416,-0.971658,1.6083
-0.276103,-0.396917,0.424003,1.3382,-0.971725,1.60492
-0.276092,-0.39872,0.424058,1.25677,-0.971602,1.59767
-0.276166,-0.399587,0.424233,1.20849,-0.970527,1.59242
-0.276272,-0.399691,0.424237,1.20043,-0.970551,1.5914
-0.276337,-0.39947,0.424231,1.21045,-0.967315,1.59663
-0.276675,-0.398866,0.424238,1.23646,-0.959645,1.60922
-0.277507,-0.397266,0.424507,1.29308,-0.941202,1.63577
-0.277714,-0.396356,0.424438,1.3196,-0.93238,1.64849
-0.277723,-0.396346,0.424477,1.32081,-0.931974,1.64882
-0.277755,-0.396351,0.424459,1.32087,-0.93203,1.64886
-0.277968,-0.396524,0.424602,1.31333,-0.934536,1.64547
-0.278105,-0.397626,0.424843,1.27243,-0.948012,1.62937
-0.278443,-0.399142,0.425336,1.19541,-0.971702,1.59742
-0.27856,-0.399842,0.425626,1.13252,-0.989746,1.57023
-0.278467,-0.399993,0.425273,1.10625,-0.998001,1.55925
-0.278503,-0.39993,0.425094,1.10537,-0.998579,1.55886
-0.278485,-0.399912,0.425266,1.10536,-0.99831,1.55871
-0.278121,-0.399586,0.425209,1.11408,-0.995518,1.56099
-0.277059,-0.397458,0.424447,1.16413,-0.979639,1.57239
-0.274966,-0.393522,0.423143,1.24785,-0.95151,1.59038
-0.273022,-0.389873,0.42169,1.31785,-0.926997,1.60442
-0.272199,-0.388248,0.421023,1.34784,-0.916092,1.61014
-0.272118,-0.38823,0.42102,1.34901,-0.915515,1.61046
-0.272168,-0.388138,0.421025,1.34915,-0.91554,1.61013
-0.272866,-0.388779,0.4213,1.34047,-0.917081,1.61118
-0.277038,-0.392387,0.422599,1.29078,-0.927173,1.61684
-0.281578,-0.396264,0.424018,1.23717,-0.937379,1.6222
-0.282547,-0.397055,0.424269,1.2257,-0.93955,1.62325
-0.282586,-0.39705,0.424342,1.22516,-0.939611,1.62318
-0.282605,-0.397052,0.424316,1.22519,-0.939724,1.62319
-0.282627,-0.397041,0.424274,1.22535,-0.939803,1.62315
-0.283505,-0.396278,0.424859,1.23002,-0.941067,1.62509
-0.287259,-0.392419,0.427355,1.25294,-0.94732,1.63327
-0.288507,-0.391114,0.428373,1.26098,-0.949081,1.63626
-0.288533,-0.391046,0.428342,1.26135,-0.949247,1.63611
-0.289109,-0.390694,0.428396,1.26569,-0.944515,1.64139
-0.290991,-0.38943,0.428669,1.28305,-0.925636,1.66102
-0.291227,-0.389228,0.428772,1.28608,-0.922093,1.66473
-0.291288,-0.389205,0.427238,1.28597,-0.922327,1.66495
-0.291318,-0.389187,0.427184,1.28601,-0.922303,1.66491
-0.291387,-0.38913,0.425916,1.2859,-0.922469,1.66494
-0.291401,-0.389112,0.425912,1.28592,-0.922489,1.66493
-0.291454,-0.389068,0.424709,1.2858,-0.922635,1.66504
-0.291433,-0.389053,0.424698,1.28587,-0.922649,1.66504
-0.291475,-0.389021,0.423795,1.28578,-0.922827,1.66517
-0.291472,-0.389013,0.423835,1.28578,-0.922759,1.66509
-0.291505,-0.388974,0.423264,1.28575,-0.922827,1.66507
-0.292094,-0.388923,0.424487,1.284,-0.935962,1.65596
-0.293487,-0.388706,0.427518,1.27939,-0.969097,1.63297
-0.293697,-0.388694,0.428175,1.27842,-0.974559,1.62894
-0.293722,-0.388619,0.42812,1.27863,-0.974844,1.62874
-0.293764,-0.388592,0.427694,1.27861,-0.974852,1.62872
-0.293794,-0.38855,0.427024,1.27857,-0.975,1.62878
-0.294229,-0.388907,0.427039,1.27882,-0.973128,1.63127
-0.297807,-0.392918,0.427128,1.27975,-0.95486,1.65799
-0.300961,-0.396293,0.427202,1.28036,-0.938874,1.68131
-0.301009,-0.396486,0.427282,1.28029,-0.937869,1.68254
-0.301116,-0.396535,0.427337,1.28031,-0.937661,1.68243
-0.301124,-0.396513,0.427285,1.28042,-0.937783,1.68244
-0.301136,-0.396507,0.427243,1.28041,-0.937901,1.68245
-0.301109,-0.396516,0.427246,1.28041,-0.937897,1.68252
-0.301103,-0.396523,0.427263,1.28048,-0.937845,1.68251
-0.301125,-0.39652,0.427282,1.28041,-0.937811,1.68247
-0.301108,-0.396529,0.427247,1.28046,-0.937871,1.68254
-0.301109,-0.396521,0.427272,1.28049,-0.937805,1.6825
-0.301083,-0.396524,0.42728,1.28041,-0.9378,1.68253
-0.301121,-0.396526,0.427277,1.28046,-0.937808,1.68249
-0.301133,-0.396515,0.427235,1.28037,-0.937924,1.68252
-0.3011,-0.39652,0.427253,1.28051,-0.937861,1.68253
-0.301112,-0.396524,0.427278,1.28044,-0.937812,1.6825
-0.301097,-0.396533,0.427267,1.28043,-0.937825,1.68257
-0.301124,-0.396514,0.427272,1.28045,-0.937827,1.68249
-0.301114,-0.396531,0.427267,1.28044,-0.937829,1.68253
-0.301801,-0.39688,0.42727,1.28413,-0.935414,1.68762
-0.305312,-0.398989,0.427186,1.3035,-0.921699,1.71554
-0.309514,-0.401176,0.427049,1.32641,-0.905165,1.74861
-0.310561,-0.401738,0.42696,1.33304,-0.900428,1.75814
-0.310636,-0.401758,0.427052,1.3332,-0.900182,1.75793
-0.310714,-0.401785,0.427008,1.33311,-0.900269,1.75802
-0.309481,-0.401094,0.427064,1.33429,-0.898533,1.75568
-0.302348,-0.397171,0.426921,1.34095,-0.889296,1.74271
-0.289629,-0.390012,0.426888,1.35278,-0.87272,1.71829
-0.273622,-0.381101,0.427004,1.36704,-0.85205,1.68839
-0.257184,-0.371927,0.427225,1.3812,-0.831008,1.65772
-0.244403,-0.364832,0.427602,1.39181,-0.81459,1.63415
-0.237953,-0.361227,0.427742,1.39685,-0.806778,1.6224
-0.237146,-0.360682,0.427814,1.39772,-0.805598,1.6203
-0.237446,-0.360583,0.426101,1.39768,-0.805745,1.62013
-0.237515,-0.360625,0.425698,1.3977,-0.8057,1.62029
-0.237791,-0.36055,0.424035,1.39765,-0.805899,1.62024
-0.237815,-0.360593,0.423727,1.39762,-0.805899,1.6205
-0.237978,-0.360567,0.422508,1.39775,-0.8059,1.62064
-0.238044,-0.360569,0.4225,1.39755,-0.805926,1.62049
-0.238314,-0.360508,0.42087,1.39762,-0.80604,1.62049
-0.238347,-0.360515,0.420558,1.39752,-0.806158,1.62059
-0.238598,-0.360469,0.419269,1.39755,-0.806143,1.62043
-0.238614,-0.360472,0.419163,1.39744,-0.806273,1.62055
-0.23865,-0.360482,0.418989,1.39753,-0.8062,1.62057
-0.238653,-0.36048,0.419012,1.39753,-0.806167,1.62052
-0.238653,-0.360479,0.419002,1.39751,-0.806198,1.62054
-0.238656,-0.360483,0.418884,1.39754,-0.806202,1.62057
-0.238652,-0.360477,0.418897,1.39752,-0.806179,1.62057
-0.238666,-0.360487,0.418872,1.39745,-0.806206,1.62063
-0.238637,-0.360501,0.418913,1.39737,-0.806081,1.62067
-0.238671,-0.360485,0.418916,1.3974,-0.806077,1.62066
-0.239182,-0.361813,0.419761,1.39596,-0.807246,1.62217
-0.241605,-0.369395,0.424303,1.38766,-0.813752,1.63249
-0.243262,-0.374182,0.427317,1.38246,-0.817754,1.63856
-0.243268,-0.374267,0.427412,1.38223,-0.817874,1.63871
-0.243284,-0.375846,0.426977,1.38431,-0.820412,1.63791
-0.243549,-0.383898,0.424365,1.39557,-0.834828,1.63221
-0.244048,-0.399245,0.419676,1.41717,-0.861352,1.62126
-0.244476,-0.412116,0.4157,1.43527,-0.884574,1.61147
-0.244651,-0.417294,0.414134,1.44244,-0.893852,1.60755
-0.244587,-0.417473,0.414051,1.44274,-0.894188,1.60751
-0.245804,-0.416705,0.414146,1.4362,-0.902575,1.60413
-0.251159,-0.412949,0.414584,1.40366,-0.942334,1.5882
-0.255098,-0.410026,0.414953,1.3787,-0.972017,1.57572
-0.255316,-0.409858,0.415016,1.37702,-0.97379,1.57497
-0.255312,-0.411717,0.415839,1.38372,-0.968896,1.57888
-0.255301,-0.41774,0.418891,1.40845,-0.950826,1.59083
-0.255309,-0.418463,0.419202,1.41178,-0.948685,1.59238
-0.255326,-0.418533,0.419276,1.41208,-0.948331,1.59222
-0.255403,-0.418485,0.418315,1.4121,-0.948421,1.5924
-0.255468,-0.418432,0.41844,1.41209,-0.948201,1.59211
-0.255467,-0.418424,0.418376,1.41208,-0.948273,1.59217
-0.25566,-0.418138,0.41848,1.40728,-0.942213,1.59742
-0.256928,-0.416633,0.41968,1.3801,-0.908357,1.62537
-0.257843,-0.4154,0.42072,1.36086,-0.884391,1.64459
-0.257899,-0.415314,0.420749,1.35958,-0.883099,1.64581
-0.25817,-0.415194,0.420892,1.35135,-0.885423,1.64498
-0.259766,-0.41403,0.421381,1.30428,-0.900466,1.63983
-0.261487,-0.412668,0.42175,1.25213,-0.91656,1.63395
-0.261931,-0.412247,0.421856,1.23877,-0.920675,1.6321
-0.261893,-0.412248,0.4218,1.23837,-0.920847,1.63233
-0.261969,-0.412256,0.421955,1.23239,-0.924502,1.62721
-0.261917,-0.412411,0.422668,1.20041,-0.94447,1.60092
-0.261502,-0.412012,0.4239,1.13871,-0.981184,1.55017
-0.260471,-0.411011,0.424719,1.08436,-1.01215,1.5048
-0.259883,-0.4102,0.425302,1.05736,-1.02655,1.48153
-0.259783,-0.410095,0.425256,1.05465,-1.02817,1.47946
-0.259432,-0.409964,0.425176,1.06192,-1.02545,1.48268
-0.257704,-0.40861,0.425123,1.10275,-1.00898,1.49781
-0.25406,-0.405719,0.42506,1.18101,-0.975004,1.52596
-0.249016,-0.401458,0.424237,1.27595,-0.932175,1.55872
-0.244451,-0.3972,0.423249,1.35534,-0.894142,1.58444
-0.241834,-0.394642,0.422522,1.39823,-0.872848,1.5978
-0.241389,-0.394286,0.422429,1.4049,-0.869397,1.60019
-0.244279,-0.393376,0.422764,1.39917,-0.876184,1.59959
-0.257019,-0.389553,0.4241,1.37138,-0.907247,1.59862
-0.276092,-0.38358,0.426098,1.32903,-0.953824,1.59621
-0.287368,-0.379989,0.427336,1.30383,-0.981278,1.59448
-0.289267,-0.379411,0.427562,1.29927,-0.985875,1.59424
-0.290764,-0.377851,0.428096,1.29517,-0.984572,1.59792
-0.296975,-0.371159,0.43056,1.2782,-0.978045,1.61361
-0.302157,-0.365425,0.432735,1.26408,-0.972617,1.62614
-0.303029,-0.364452,0.432945,1.2617,-0.972168,1.6282
-0.302966,-0.364499,0.43302,1.26157,-0.971967,1.62835
-0.302943,-0.363524,0.433396,1.25722,-0.977189,1.62179
-0.302588,-0.359672,0.434143,1.24283,-0.997114,1.59852
-0.302693,-0.35932,0.434173,1.2414,-0.998858,1.5964
-0.302501,-0.359181,0.434431,1.24085,-0.996988,1.59751
-0.302834,-0.357856,0.435522,1.22691,-0.971375,1.61846
-0.303085,-0.356357,0.436633,1.21335,-0.946981,1.63817
-0.303179,-0.356306,0.436713,1.21303,-0.945917,1.63877
-0.303144,-0.356296,0.436628,1.22143,-0.94645,1.63941
-0.303583,-0.356087,0.436605,1.2662,-0.94908,1.64137
-0.303941,-0.355798,0.436544,1.29614,-0.950834,1.64235
-0.303971,-0.355812,0.436553,1.29693,-0.950736,1.64231
-0.304002,-0.355776,0.43524,1.29697,-0.950946,1.64259
-0.304031,-0.355702,0.435348,1.297,-0.950712,1.64218
-0.30407,-0.35571,0.435353,1.29704,-0.950636,1.64211
-0.304155,-0.355999,0.435524,1.2878,-0.950419,1.64178
-0.304639,-0.357426,0.436468,1.24492,-0.949331,1.64022
-0.304864,-0.357932,0.436861,1.22971,-0.948661,1.63949
-0.304824,-0.357905,0.436824,1.2292,-0.948804,1.6395
-0.304818,-0.357891,0.436834,1.22916,-0.948841,1.63946
-0.305674,-0.356394,0.436923,1.23125,-0.949686,1.64052
-0.309781,-0.349022,0.437386,1.24225,-0.953918,1.64693
-0.3122,-0.344626,0.437849,1.24873,-0.955915,1.65057
-0.312246,-0.34453,0.437663,1.24875,-0.956533,1.65088
-0.312263,-0.344525,0.437668,1.24878,-0.956575,1.65089
-0.312451,-0.343425,0.438103,1.24661,-0.952843,1.65285
-0.313326,-0.336797,0.440297,1.23234,-0.929997,1.6659
-0.314824,-0.327416,0.443518,1.21316,-0.898961,1.68229
-0.315463,-0.323189,0.445016,1.2046,-0.885117,1.6895
-0.315483,-0.323056,0.444987,1.20433,-0.88502,1.68975
-0.315379,-0.323118,0.445009,1.20415,-0.884753,1.68998
-0.315377,-0.323143,0.4433,1.20415,-0.884848,1.69
-0.315439,-0.323143,0.442963,1.2041,-0.884931,1.69004
-0.315488,-0.323185,0.441352,1.20398,-0.884968,1.69013
-0.315497,-0.323175,0.441308,1.20406,-0.884986,1.69006
-0.315512,-0.323191,0.441349,1.20409,-0.884857,1.69
-0.315474,-0.323186,0.440711,1.2041,-0.884862,1.68993
-0.315547,-0.323219,0.439395,1.20398,-0.885031,1.69008
-0.315998,-0.322961,0.440185,1.2046,-0.893465,1.68457
-0.31796,-0.321672,0.442817,1.20531,-0.92771,1.66387
-0.318456,-0.32131,0.443633,1.20561,-0.936315,1.65818
-0.318508,-0.3213,0.442327,1.20554,-0.9365,1.65828
-0.318453,-0.321292,0.442337,1.20561,-0.93645,1.65826
-0.318445,-0.32129,0.442369,1.20561,-0.936371,1.65817
-0.318414,-0.321284,0.441122,1.20544,-0.93661,1.6584
-0.318468,-0.321296,0.441228,1.20564,-0.936327,1.65817
-0.318477,-0.321286,0.44122,1.20567,-0.936358,1.65816
-0.318479,-0.321268,0.44038,1.20559,-0.936503,1.65824
-0.318504,-0.321281,0.440452,1.20573,-0.936284,1.65809
-0.318512,-0.321279,0.440441,1.20571,-0.936311,1.65811
-0.318503,-0.321266,0.439613,1.20565,-0.936448,1.65826
-0.318552,-0.32127,0.439671,1.20575,-0.936249,1.65808
-0.318492,-0.321268,0.438978,1.20571,-0.936323,1.65817
-0.31854,-0.32126,0.43858,1.20568,-0.936323,1.65815
-0.317976,-0.322587,0.439388,1.20612,-0.927607,1.66486
-0.315717,-0.327618,0.442591,1.20723,-0.894009,1.69079
-0.315165,-0.328728,0.443369,1.20767,-0.88638,1.69658
-0.315256,-0.328754,0.441995,1.20739,-0.886543,1.69682
-0.315205,-0.328751,0.442077,1.20764,-0.886358,1.69657
-0.315196,-0.328764,0.44209,1.20762,-0.886302,1.69659
-0.315445,-0.328329,0.442068,1.20911,-0.893454,1.69078
-0.316908,-0.325888,0.441601,1.21493,-0.93093,1.662
-0.317439,-0.324793,0.441551,1.21729,-0.946779,1.64927
-0.317537,-0.324759,0.441472,1.21749,-0.946993,1.64927
-0.317543,-0.324766,0.441498,1.21753,-0.946956,1.64922
-0.317617,-0.324756,0.440555,1.21733,-0.947172,1.64938
-0.317586,-0.324748,0.440643,1.21757,-0.946908,1.64909
-0.317589,-0.324729,0.439725,1.21738,-0.947129,1.64925
-0.317643,-0.324717,0.439772,1.21752,-0.946991,1.64904
-0.317625,-0.324733,0.439797,1.21757,-0.946899,1.64902
-0.31757,-0.324837,0.439904,1.21836,-0.945397,1.65025
-0.315498,-0.327409,0.441236,1.23232,-0.919747,1.67296
-0.313307,-0.329821,0.442717,1.24682,-0.892854,1.69601
-0.313183,-0.330004,0.442767,1.24751,-0.891315,1.69742
-0.31319,-0.330016,0.442766,1.24753,-0.891257,1.69742
-0.313261,-0.330025,0.441635,1.24726,-0.89149,1.69769
-0.313186,-0.330021,0.441692,1.24746,-0.891367,1.69758
-0.313212,-0.330011,0.440688,1.24729,-0.891508,1.69766
-0.313186,-0.330012,0.440746,1.24738,-0.891417,1.69758
-0.313207,-0.330007,0.439791,1.24728,-0.891502,1.69767
-0.313249,-0.330018,0.437787,1.24722,-0.891641,1.69781
-0.31329,-0.329997,0.436662,1.24703,-0.891824,1.69791
-0.31335,-0.330019,0.436679,1.24712,-0.891698,1.69784
-0.313324,-0.330013,0.4367,1.24721,-0.891667,1.69779
-0.313161,-0.329707,0.437085,1.24654,-0.898417,1.69188
-0.312323,-0.328248,0.438882,1.24404,-0.931088,1.66392
-0.311973,-0.327566,0.4396,1.24249,-0.944888,1.65223
-0.312027,-0.327539,0.439543,1.24245,-0.945044,1.6522
-0.311994,-0.327869,0.439463,1.24584,-0.939076,1.65683
-0.311763,-0.329232,0.439197,1.2607,-0.910991,1.67778
-0.311591,-0.32948,0.4391,1.26418,-0.904932,1.68238
-0.310805,-0.331849,0.43895,1.26283,-0.904002,1.68322
-0.3081,-0.340462,0.438055,1.25723,-0.901837,1.68682
-0.307425,-0.342569,0.437959,1.25584,-0.901009,1.68744
-0.307493,-0.342585,0.437896,1.25574,-0.901118,1.68755
-0.306817,-0.344085,0.437313,1.25737,-0.902364,1.68662
-0.30323,-0.352016,0.434699,1.26824,-0.908242,1.68022
-0.296733,-0.366745,0.42985,1.28791,-0.919247,1.66808
-0.288268,-0.38565,0.423537,1.3128,-0.933539,1.65263
-0.280675,-0.402666,0.41803,1.33558,-0.946146,1.63835
-0.275808,-0.413425,0.414493,1.34983,-0.954479,1.62915
-0.274191,-0.417141,0.413373,1.35452,-0.956956,1.62597
-0.274267,-0.41709,0.413426,1.35485,-0.956859,1.62564
-0.275324,-0.418212,0.413313,1.35416,-0.962627,1.62313
-0.280706,-0.423699,0.411601,1.35139,-0.996657,1.60971
-0.285336,-0.428376,0.410487,1.34867,-1.02526,1.59767
-0.286013,-0.429157,0.410318,1.34796,-1.02968,1.59596
-0.28609,-0.42911,0.410323,1.34824,-1.02977,1.59566
-0.286138,-0.428937,0.408977,1.34818,-1.02996,1.59575
-0.286216,-0.428877,0.408942,1.34844,-1.02979,1.5955
-0.28617,-0.428934,0.409007,1.34816,-1.02952,1.59568
-0.287453,-0.428637,0.409481,1.34829,-1.03105,1.59735
-0.293189,-0.427661,0.412201,1.34843,-1.03676,1.60585
-0.294797,-0.42738,0.412989,1.34852,-1.03815,1.60782
-0.294718,-0.427376,0.412937,1.34856,-1.03829,1.60817
-0.29473,-0.4274,0.413053,1.34854,-1.03808,1.6081
-0.294817,-0.427243,0.411868,1.34844,-1.03847,1.60823
-0.2948,-0.427254,0.412032,1.34857,-1.03788,1.60801
-0.294798,-0.427251,0.412018,1.34855,-1.03793,1.60804
-0.294688,-0.427166,0.411907,1.34843,-1.03842,1.60824
-0.29476,-0.427212,0.411992,1.34851,-1.03807,1.60807
-0.294751,-0.427233,0.411966,1.34852,-1.0381,1.60815
-0.294761,-0.427212,0.411983,1.34851,-1.03809,1.60809
-0.294745,-0.427227,0.411979,1.34857,-1.03806,1.60813
-0.294757,-0.427218,0.411989,1.34851,-1.03808,1.60811
-0.294768,-0.427227,0.411995,1.34853,-1.03804,1.60809
-0.294752,-0.427214,0.411984,1.34853,-1.03806,1.60811
-0.294764,-0.427205,0.412002,1.34853,-1.03807,1.60804
-0.29476,-0.427216,0.411999,1.34849,-1.03805,1.6081
-0.294756,-0.427215,0.411987,1.34854,-1.03806,1.60808
-0.294752,-0.427221,0.411977,1.34854,-1.03808,1.60813
-0.29475,-0.427208,0.411993,1.34855,-1.03807,1.60808
-0.294759,-0.42722,0.411967,1.34849,-1.0381,1.60812
-0.294762,-0.427211,0.411984,1.34855,-1.03808,1.60808
-0.294772,-0.427208,0.411958,1.34849,-1.03814,1.6081
-0.294745,-0.427216,0.411958,1.34851,-1.03812,1.60815
-0.294775,-0.427211,0.411983,1.34856,-1.03808,1.60805
-0.294754,-0.427217,0.412003,1.34856,-1.03805,1.60808
-0.294016,-0.425443,0.412382,1.34516,-1.03832,1.6053
-0.28956,-0.416315,0.41447,1.32511,-1.04027,1.59121
-0.285994,-0.408637,0.416306,1.30896,-1.0415,1.57916
-0.285613,-0.408007,0.416469,1.30746,-1.0416,1.57834
-0.285659,-0.407969,0.416415,1.30727,-1.04185,1.57819
-0.284831,-0.407576,0.416643,1.30489,-1.03411,1.58235
-0.280336,-0.405753,0.417803,1.29141,-0.991031,1.60566
-0.273595,-0.402442,0.420033,1.27171,-0.928413,1.63792
-0.270176,-0.400583,0.421235,1.26159,-0.897613,1.65347
-0.270003,-0.400423,0.421216,1.26098,-0.896254,1.65428
-0.269899,-0.400313,0.420994,1.26871,-0.899555,1.65219
-0.269738,-0.399441,0.420929,1.31551,-0.917651,1.63692
-0.269673,-0.3977,0.42115,1.38686,-0.944721,1.61209
-0.269751,-0.396515,0.42132,1.42916,-0.960923,1.59695
-0.26982,-0.396324,0.421521,1.43491,-0.962667,1.59451
-0.269845,-0.396273,0.421415,1.43462,-0.963137,1.59447
-0.272469,-0.396679,0.421437,1.42278,-0.967514,1.59783
-0.279285,-0.397457,0.421522,1.39176,-0.978937,1.60575
-0.291836,-0.399018,0.421628,1.33445,-0.99957,1.62016
-0.296185,-0.399516,0.421577,1.31485,-1.00665,1.62435
-0.296083,-0.399562,0.421614,1.31458,-1.00653,1.62471
-0.296104,-0.399582,0.421593,1.31458,-1.00663,1.62479
-0.296966,-0.398512,0.421879,1.3144,-1.00454,1.62795
-0.301101,-0.393142,0.423529,1.31235,-0.992114,1.64556
-0.306653,-0.385896,0.425777,1.30975,-0.975342,1.66909
-0.308875,-0.382933,0.426642,1.30901,-0.968891,1.67787
-0.308853,-0.382989,0.4267,1.30878,-0.96861,1.67811
-0.30885,-0.382882,0.425277,1.30885,-0.968542,1.67815
-0.30889,-0.382876,0.425181,1.30881,-0.968565,1.67812
-0.308936,-0.382888,0.425165,1.3088,-0.96853,1.67806
-0.308898,-0.382811,0.4246,1.30877,-0.968688,1.67818
-0.308992,-0.382718,0.423245,1.30874,-0.968757,1.67815
-0.308982,-0.382722,0.423259,1.30874,-0.968681,1.67816
-0.309019,-0.382593,0.42187,1.3087,-0.968652,1.6781
-0.309074,-0.382585,0.421762,1.3087,-0.968716,1.67804
-0.309063,-0.382592,0.421755,1.30867,-0.968676,1.67809
-0.309105,-0.382402,0.419961,1.3086,-0.968795,1.67808
-0.309132,-0.38242,0.419546,1.30856,-0.968895,1.67822
-0.309144,-0.382267,0.418078,1.30862,-0.968852,1.67817
-0.309159,-0.382278,0.417811,1.30849,-0.969038,1.67838
-0.309203,-0.382144,0.416443,1.30835,-0.969195,1.67829
-0.309197,-0.382147,0.416409,1.30841,-0.969184,1.67841
-0.309235,-0.382152,0.416426,1.30846,-0.969107,1.67834
-0.309271,-0.38214,0.416266,1.30841,-0.969095,1.6783
-0.309272,-0.38212,0.416254,1.30844,-0.969173,1.67828
-0.309286,-0.382128,0.416263,1.3084,-0.969127,1.67829
-0.309271,-0.382132,0.416242,1.3084,-0.96917,1.67832
-0.309272,-0.382124,0.416238,1.3084,-0.969184,1.6783
-0.309248,-0.382138,0.416261,1.30845,-0.969092,1.67834
-0.309268,-0.382122,0.416239,1.30839,-0.969165,1.67833
-0.30926,-0.382096,0.415849,1.3083,-0.969313,1.67844
-0.309246,-0.382066,0.415868,1.30834,-0.969342,1.6784
-0.309314,-0.382087,0.415918,1.30838,-0.969148,1.67827
-0.309338,-0.382068,0.415901,1.3084,-0.96922,1.67821
-0.30931,-0.382091,0.415919,1.30841,-0.969139,1.67824
-0.30933,-0.382061,0.415906,1.30838,-0.96923,1.67819
-0.309313,-0.382072,0.415924,1.30839,-0.969158,1.67822
-0.309317,-0.382073,0.415918,1.30842,-0.969168,1.67821
-0.309291,-0.382083,0.41591,1.30841,-0.969173,1.67829
-0.309316,-0.382072,0.415925,1.30841,-0.969191,1.6782
-0.309314,-0.382078,0.415914,1.30836,-0.969164,1.67825
-0.309315,-0.382076,0.415906,1.30839,-0.96918,1.67826
-0.309327,-0.382061,0.415932,1.30844,-0.969181,1.67816
-0.309307,-0.382078,0.41589,1.30839,-0.969231,1.67831
-0.309311,-0.382082,0.415912,1.3084,-0.969169,1.67828
-0.309307,-0.382081,0.415901,1.30837,-0.969198,1.6783
-0.309296,-0.382074,0.415923,1.30841,-0.969153,1.67825
-0.309314,-0.382077,0.415905,1.30836,-0.969188,1.67826
-0.309312,-0.382083,0.415957,1.30846,-0.96905,1.67819
-0.309232,-0.382071,0.415913,1.30831,-0.96926,1.67841
-0.309237,-0.382059,0.415979,1.30842,-0.969119,1.67828
-0.309646,-0.383862,0.416756,1.30905,-0.963308,1.68597
-0.31185,-0.392714,0.4214,1.31321,-0.932885,1.72261
-0.312664,-0.396656,0.42362,1.31511,-0.918673,1.73936
-0.312758,-0.39667,0.423708,1.31507,-0.91836,1.73917
-0.31138,-0.396735,0.423705,1.31622,-0.918558,1.73622
-0.303492,-0.396937,0.423136,1.32386,-0.920612,1.72019
-0.289008,-0.397229,0.422447,1.33744,-0.923817,1.68954
-0.277423,-0.397432,0.422027,1.34795,-0.926255,1.66496
-0.273374,-0.397561,0.421958,1.35173,-0.926797,1.65653
-0.272246,-0.397556,0.421912,1.35268,-0.927185,1.65416
-0.272039,-0.398725,0.421402,1.3612,-0.930256,1.65073
-0.271385,-0.40522,0.419298,1.40552,-0.945342,1.6328
-0.270833,-0.411439,0.417324,1.44871,-0.960317,1.61443
-0.27065,-0.412405,0.416922,1.45551,-0.962848,1.61178
-0.270703,-0.412349,0.416883,1.45569,-0.963068,1.61157
-0.27072,-0.412351,0.416927,1.45564,-0.96301,1.6115
-0.27188,-0.411761,0.417375,1.44673,-0.963917,1.61364
-0.277252,-0.408765,0.418961,1.40584,-0.968956,1.62436
-0.278867,-0.407867,0.4194,1.39435,-0.970469,1.62681
-0.27883,-0.40788,0.419474,1.39433,-0.970338,1.62694
-0.279066,-0.407347,0.419629,1.38562,-0.96982,1.62782
-0.28038,-0.404458,0.420067,1.34422,-0.968168,1.63076
-0.28091,-0.403525,0.420319,1.33085,-0.967455,1.63134
-0.280893,-0.403542,0.420306,1.33078,-0.967454,1.63144
-0.281075,-0.403218,0.420393,1.33744,-0.971392,1.62848
-0.282115,-0.402183,0.421166,1.36576,-0.987868,1.6156
-0.28227,-0.402039,0.421239,1.37017,-0.990502,1.6137
-0.282296,-0.402025,0.421221,1.37011,-0.990643,1.61363
-0.282432,-0.401881,0.419983,1.37003,-0.990843,1.61356
-0.282422,-0.401829,0.419941,1.37011,-0.990753,1.61353
-0.282801,-0.400729,0.420411,1.36089,-0.986612,1.61686
-0.284994,-0.39552,0.423006,1.31778,-0.966547,1.63115
-0.286084,-0.392807,0.424247,1.29615,-0.95678,1.63822
-0.286414,-0.392253,0.424594,1.292,-0.954718,1.63925
-0.286874,-0.390895,0.425001,1.29114,-0.952095,1.64105
-0.289477,-0.383615,0.427634,1.28583,-0.937413,1.65126
-0.294058,-0.370856,0.43233,1.27664,-0.911906,1.66827
-0.296874,-0.363063,0.435171,1.27128,-0.896322,1.67853
-0.297459,-0.361638,0.435624,1.27025,-0.893882,1.68018
-0.297354,-0.361677,0.435709,1.27017,-0.893546,1.68026
-0.297337,-0.361663,0.43467,1.2701,-0.89372,1.68044
-0.297373,-0.361683,0.434744,1.2702,-0.893488,1.68031
-0.297408,-0.361665,0.433479,1.27017,-0.893685,1.68048
-0.297425,-0.361661,0.43352,1.27016,-0.893635,1.68042
-0.297442,-0.36165,0.432625,1.27002,-0.893812,1.6806
-0.299118,-0.360932,0.433794,1.28034,-0.904421,1.67742
-0.30271,-0.359436,0.436179,1.30219,-0.928119,1.67096
-0.303214,-0.359207,0.436481,1.30444,-0.93086,1.66986
-0.30323,-0.359134,0.436371,1.30457,-0.93133,1.66981
-0.303239,-0.359188,0.436358,1.30438,-0.931298,1.66999
-0.303247,-0.359208,0.435441,1.30436,-0.931464,1.67039
-0.303281,-0.359141,0.435594,1.30443,-0.93121,1.66988
-0.303301,-0.359147,0.435495,1.30435,-0.931313,1.66998
-0.303345,-0.359061,0.434234,1.30431,-0.931503,1.67005
-0.303389,-0.359076,0.434237,1.30436,-0.931296,1.66991
-0.303428,-0.359014,0.432943,1.30423,-0.931424,1.67004
-0.303489,-0.359014,0.43298,1.30437,-0.931275,1.66985
-0.303482,-0.359017,0.432994,1.30443,-0.931199,1.66983
-0.303718,-0.359511,0.433513,1.30002,-0.924552,1.6764
-0.305048,-0.361697,0.436493,1.28074,-0.893554,1.70425
-0.305657,-0.36244,0.437665,1.27346,-0.881798,1.7146
-0.305638,-0.362457,0.437625,1.2735,-0.88175,1.7148
-0.305665,-0.362462,0.437611,1.27344,-0.881763,1.71482
-0.305743,-0.362493,0.436056,1.27332,-0.881947,1.71509
-0.305689,-0.362464,0.436106,1.27342,-0.881791,1.71491
-0.305684,-0.362468,0.436102,1.27349,-0.881729,1.71495
-0.305668,-0.362474,0.43612,1.27346,-0.881687,1.71494
-0.305673,-0.362474,0.436111,1.27347,-0.881691,1.71495
-0.305672,-0.362471,0.436101,1.27352,-0.881704,1.71493
-0.305681,-0.362459,0.436123,1.27347,-0.881709,1.71487
-0.305692,-0.362455,0.436118,1.27353,-0.881727,1.71486
-0.305696,-0.362457,0.436134,1.27343,-0.88168,1.71484
-0.305697,-0.362466,0.436122,1.27351,-0.881668,1.71489
-0.305678,-0.362467,0.43611,1.27351,-0.881691,1.71491
-0.305701,-0.362464,0.436114,1.2735,-0.881694,1.71486
-0.305691,-0.362469,0.43614,1.27348,-0.881646,1.71486
-0.30568,-0.362467,0.436132,1.27348,-0.88166,1.71488
-0.305699,-0.362458,0.436125,1.27352,-0.881703,1.71484
-0.305681,-0.362459,0.436125,1.27349,-0.881689,1.71488
-0.305685,-0.362452,0.436101,1.27347,-0.881748,1.71488
-0.306602,-0.362203,0.436139,1.2782,-0.880308,1.7177
-0.311611,-0.360953,0.435673,1.304,-0.873996,1.73314
-0.318679,-0.358861,0.435206,1.34107,-0.864055,1.75474
-0.32092,-0.358163,0.43488,1.35309,-0.86082,1.76251
-0.32099,-0.35813,0.434965,1.35354,-0.860697,1.76212
-0.321073,-0.358111,0.43499,1.3535,-0.860724,1.76204
-0.32092,-0.356419,0.435479,1.34842,-0.861106,1.75861
-0.319648,-0.347583,0.43737,1.31935,-0.86392,1.74251
-0.318143,-0.336365,0.439773,1.28427,-0.867051,1.72212
-0.317682,-0.331751,0.440809,1.27048,-0.868154,1.7134
-0.31759,-0.3318,0.440785,1.27033,-0.868086,1.71387
-0.317561,-0.331807,0.439772,1.27006,-0.86833,1.71419
-0.317607,-0.331815,0.439883,1.27043,-0.867998,1.71391
-0.317622,-0.331802,0.438796,1.27022,-0.868228,1.71409
-0.31762,-0.331834,0.438898,1.27063,-0.867858,1.71401
-0.317707,-0.331811,0.438881,1.27039,-0.868037,1.71376
-0.317711,-0.331815,0.43889,1.27038,-0.868031,1.71372
-0.318556,-0.331912,0.439236,1.27148,-0.867544,1.71714
-0.322463,-0.332479,0.440975,1.27625,-0.864912,1.7319
-0.323171,-0.332639,0.441244,1.27689,-0.864519,1.73503
-0.323156,-0.332607,0.441244,1.27688,-0.864526,1.73514
-0.323202,-0.332605,0.440289,1.27658,-0.864778,1.7354
-0.323222,-0.332595,0.440344,1.27687,-0.864532,1.7351
-0.323195,-0.332592,0.440359,1.27691,-0.864516,1.73505
-0.323201,-0.332596,0.438971,1.27672,-0.864645,1.73522
-0.323265,-0.332598,0.438949,1.2769,-0.864563,1.73507
-0.32328,-0.332587,0.438999,1.27697,-0.864452,1.73491
-0.323274,-0.332592,0.438146,1.2769,-0.864517,1.73502
-0.323316,-0.332585,0.438187,1.27709,-0.864377,1.73483
-0.323321,-0.332598,0.438192,1.27708,-0.864346,1.73483
-0.32334,-0.332605,0.437039,1.27697,-0.864432,1.73497
-0.323369,-0.332594,0.437066,1.27697,-0.864391,1.73488
-0.32335,-0.3326,0.435927,1.27682,-0.864542,1.73506
-0.323439,-0.332596,0.436004,1.27697,-0.864387,1.73483
-0.323432,-0.332584,0.435986,1.27698,-0.864429,1.73482
-0.323467,-0.332591,0.434905,1.27682,-0.864535,1.73497
-0.323499,-0.332598,0.434964,1.27697,-0.864379,1.7348
-0.323472,-0.332597,0.434974,1.27701,-0.86436,1.73478
-0.323477,-0.332601,0.434208,1.27696,-0.864378,1.73485
-0.323481,-0.332589,0.43422,1.27703,-0.86436,1.73476
-0.323498,-0.332583,0.433289,1.27683,-0.864531,1.7349
-0.32348,-0.332591,0.433302,1.27691,-0.864466,1.7349
-0.323512,-0.332589,0.43208,1.27674,-0.864609,1.73504
-0.323539,-0.332589,0.432084,1.27679,-0.864595,1.73498
-0.32356,-0.332586,0.431045,1.27671,-0.864726,1.73505
-0.323598,-0.332599,0.431117,1.27693,-0.864467,1.73488
-0.323584,-0.332593,0.431108,1.27689,-0.864514,1.73489
-0.323608,-0.332602,0.430076,1.27678,-0.86463,1.73506
-0.323606,-0.332598,0.4301,1.27684,-0.86459,1.73498
-0.323632,-0.332592,0.429221,1.27657,-0.864831,1.73519
-0.323645,-0.332607,0.428132,1.27648,-0.864807,1.73529
-0.323647,-0.3326,0.428136,1.27655,-0.864799,1.73523
-0.324008,-0.333091,0.430687,1.27154,-0.85996,1.73968
-0.325311,-0.334996,0.440025,1.2525,-0.842367,1.7575
-0.325502,-0.335199,0.441051,1.25063,-0.840469,1.75916
-0.325548,-0.335224,0.439954,1.25039,-0.84062,1.75941
-0.325603,-0.335215,0.440032,1.25056,-0.840472,1.75911
-0.325657,-0.335197,0.439825,1.25469,-0.847552,1.75456
-0.32653,-0.334878,0.43875,1.2769,-0.887367,1.72933
-0.326956,-0.334605,0.438406,1.28968,-0.909669,1.71437
-0.326873,-0.334602,0.438346,1.28971,-0.910034,1.71441
-0.326907,-0.334588,0.437099,1.28952,-0.910256,1.71468
-0.326889,-0.334572,0.437199,1.28981,-0.909948,1.7143
-0.326913,-0.334557,0.436228,1.28975,-0.91001,1.71444
-0.326898,-0.334544,0.436252,1.28984,-0.909983,1.71441
-0.32535,-0.33404,0.43655,1.28849,-0.905952,1.71372
-0.318082,-0.331998,0.438128,1.28234,-0.886087,1.71191
-0.31446,-0.330822,0.43896,1.27931,-0.876357,1.71046
-0.314442,-0.330912,0.439027,1.27938,-0.875899,1.71073
-0.314703,-0.32969,0.439494,1.27477,-0.871872,1.71239
-0.316018,-0.323124,0.442062,1.24861,-0.849411,1.72393
-0.317811,-0.314946,0.445236,1.21691,-0.822997,1.73686
-0.317697,-0.315014,0.445379,1.21721,-0.822376,1.73688
-0.317736,-0.314999,0.445383,1.21723,-0.822375,1.73679
-0.317711,-0.315002,0.445395,1.21723,-0.822358,1.7368
-0.31771,-0.314995,0.445354,1.21725,-0.822444,1.73684
-0.317706,-0.315006,0.445385,1.21722,-0.822348,1.73684
-0.317718,-0.315009,0.445367,1.21722,-0.822381,1.73688
-0.317718,-0.315005,0.445364,1.21726,-0.822391,1.73688
-0.317706,-0.315,0.445375,1.21729,-0.8224,1.73684
-0.31771,-0.315004,0.445377,1.21728,-0.822368,1.73682
-0.317711,-0.314995,0.445377,1.21728,-0.822394,1.73683
-0.317713,-0.314998,0.445371,1.21727,-0.822412,1.73682
-0.317706,-0.315007,0.445382,1.21727,-0.822364,1.73684
-0.316491,-0.315633,0.445385,1.21953,-0.822912,1.73472
-0.309381,-0.319078,0.445089,1.23309,-0.828672,1.72178
-0.299834,-0.323789,0.444975,1.25164,-0.835439,1.70385
-0.295894,-0.325764,0.444967,1.25927,-0.83817,1.69646
-0.295904,-0.325743,0.444939,1.25932,-0.838303,1.69628
-0.295646,-0.326659,0.444502,1.26628,-0.842377,1.69524
-0.295071,-0.331887,0.442139,1.30554,-0.866089,1.68931
-0.294595,-0.335427,0.440607,1.33273,-0.882173,1.68512
-0.294572,-0.335615,0.44057,1.33408,-0.882756,1.68478
-0.294962,-0.335604,0.440562,1.32692,-0.885883,1.68153
-0.296273,-0.33583,0.440353,1.28602,-0.901332,1.66588
-0.297752,-0.3358,0.440239,1.24227,-0.917198,1.64794
-0.298185,-0.335687,0.44008,1.23391,-0.920585,1.6442
-0.298008,-0.335722,0.440123,1.23374,-0.920454,1.64442
-0.297715,-0.336679,0.440094,1.23572,-0.913771,1.6507
-0.296791,-0.341169,0.440275,1.2467,-0.877877,1.68265
-0.29461,-0.348087,0.440804,1.26431,-0.816324,1.7357
-0.29302,-0.35161,0.441186,1.27412,-0.780601,1.76572
-0.292727,-0.352119,0.441244,1.27585,-0.774867,1.77064
-0.292799,-0.352219,0.441248,1.27554,-0.774497,1.77082
-0.293461,-0.351614,0.441132,1.27521,-0.781723,1.76584
-0.296515,-0.348221,0.440632,1.27327,-0.823322,1.73801
-0.299468,-0.344517,0.440386,1.27117,-0.865057,1.70889
-0.300011,-0.343794,0.440397,1.27052,-0.872563,1.70333
-0.300006,-0.343711,0.440297,1.27061,-0.873091,1.70338
-0.300235,-0.343766,0.440201,1.26829,-0.878179,1.69666
-0.30086,-0.343568,0.43984,1.25974,-0.898337,1.66984
-0.300852,-0.343552,0.439764,1.25838,-0.900851,1.66687
-0.300767,-0.343484,0.439801,1.25862,-0.900935,1.66667
-0.300437,-0.345385,0.439571,1.26132,-0.901068,1.66803
-0.298878,-0.355878,0.437264,1.27584,-0.903219,1.6766
-0.296049,-0.373781,0.433469,1.3008,-0.906712,1.69125
-0.29413,-0.385344,0.430945,1.31709,-0.90902,1.70096
-0.293593,-0.388091,0.430364,1.32071,-0.909297,1.70348
-0.293708,-0.388056,0.430445,1.32091,-0.909257,1.70303
-0.293718,-0.388051,0.430482,1.32091,-0.909209,1.70292
-0.294271,-0.389014,0.430058,1.32066,-0.915694,1.69922
-0.297111,-0.393992,0.42764,1.31843,-0.952026,1.67804
-0.299145,-0.397744,0.425938,1.31649,-0.979492,1.66162
-0.299288,-0.398024,0.425828,1.31636,-0.981268,1.66047
-0.299299,-0.397929,0.425743,1.31649,-0.9817,1.66028
-0.29933,-0.397912,0.425737,1.31641,-0.98179,1.66023
-0.299409,-0.398107,0.425868,1.3205,-0.975211,1.66643
-0.299568,-0.398685,0.426379,1.33376,-0.951935,1.68766
-0.299558,-0.398706,0.426494,1.33464,-0.950185,1.68905
-0.29956,-0.398585,0.42509,1.33466,-0.950126,1.68904
-0.299643,-0.398574,0.424888,1.33455,-0.950336,1.68913
-0.299696,-0.398449,0.423544,1.33448,-0.950447,1.68914
-0.299721,-0.398446,0.423402,1.33443,-0.950525,1.68919
-0.299767,-0.398347,0.422151,1.33435,-0.950608,1.6892
-0.299788,-0.398355,0.422121,1.33443,-0.950559,1.6892
-0.299818,-0.398361,0.422131,1.33446,-0.950472,1.68914
-0.299858,-0.398247,0.420872,1.33439,-0.950644,1.6892
-0.299879,-0.39826,0.420862,1.33434,-0.950587,1.68922
-0.299895,-0.398274,0.420929,1.33444,-0.950387,1.68909
-0.299903,-0.398156,0.419654,1.33441,-0.950515,1.68917
-0.299938,-0.398146,0.41966,1.33443,-0.950443,1.6891
-0.299962,-0.398163,0.419694,1.33453,-0.950301,1.68903
-0.300014,-0.398054,0.418567,1.33447,-0.950377,1.68904
-0.300055,-0.398069,0.418595,1.3345,-0.950287,1.68893
-0.300047,-0.398075,0.418605,1.33454,-0.950175,1.68893
-0.30006,-0.397949,0.417201,1.33451,-0.950256,1.68907
-0.300082,-0.39796,0.41711,1.33449,-0.950288,1.68912
-0.300136,-0.397841,0.415938,1.33439,-0.950598,1.68917
-0.300159,-0.397851,0.416025,1.33448,-0.950375,1.68902
-0.30018,-0.39786,0.416031,1.33446,-0.950305,1.689
-0.300189,-0.397805,0.415451,1.33459,-0.950096,1.68895
-0.300172,-0.397796,0.415433,1.33453,-0.950126,1.68899
-0.300769,-0.397441,0.416702,1.33214,-0.955282,1.68597
-0.303865,-0.395697,0.42346,1.3219,-0.980517,1.6703
-0.305497,-0.394728,0.427338,1.31592,-0.993598,1.66158
-0.305542,-0.394659,0.427286,1.31617,-0.993813,1.66127
-0.305542,-0.394698,0.427274,1.3161,-0.993929,1.66141
-0.305014,-0.396568,0.426834,1.31993,-0.993878,1.66254
-0.302589,-0.406613,0.424099,1.34217,-0.994116,1.6669
-0.299925,-0.416972,0.421346,1.36503,-0.994145,1.67178
-0.299366,-0.419208,0.420694,1.36977,-0.994067,1.6729
-0.299487,-0.419132,0.420796,1.36994,-0.994118,1.67235
-0.299039,-0.420658,0.420332,1.37184,-0.995847,1.67115
-0.296818,-0.428163,0.417562,1.38291,-1.00659,1.66293
-0.292471,-0.441899,0.412439,1.40266,-1.02642,1.64877
-0.289358,-0.45157,0.408908,1.41684,-1.04019,1.6386
-0.288317,-0.454762,0.4079,1.42111,-1.04425,1.63536
-0.288341,-0.454673,0.407821,1.4213,-1.04462,1.63519
-0.288397,-0.454683,0.407745,1.4212,-1.04486,1.63514
-0.288413,-0.454671,0.407742,1.42119,-1.04493,1.63512
-0.288415,-0.454683,0.407733,1.42121,-1.0449,1.63513
-0.288437,-0.454676,0.407717,1.42113,-1.04498,1.63511
-0.288398,-0.454684,0.407739,1.4212,-1.0449,1.63516
-0.2884,-0.454678,0.407747,1.42118,-1.04489,1.63512
-0.288412,-0.45468,0.407734,1.42122,-1.04492,1.63511
-0.28844,-0.454667,0.407724,1.42124,-1.04495,1.63506
-0.288397,-0.454691,0.407745,1.42121,-1.04487,1.63516
-0.28841,-0.454677,0.407714,1.42121,-1.04496,1.63517
-0.288412,-0.454686,0.407733,1.42121,-1.0449,1.63513
-0.288392,-0.454686,0.407771,1.42123,-1.04482,1.63514
-0.288406,-0.454675,0.40772,1.42123,-1.04495,1.63515
-0.288392,-0.45469,0.407743,1.42115,-1.04488,1.63516
-0.288396,-0.454675,0.407743,1.42121,-1.0449,1.63512
-0.288407,-0.45467,0.407739,1.42118,-1.04491,1.63512
-0.288401,-0.454682,0.40774,1.42123,-1.04489,1.63515
-0.288428,-0.454664,0.40771,1.42116,-1.04499,1.63511
-0.288406,-0.454677,0.407747,1.42119,-1.04489,1.63512
-0.288394,-0.454672,0.407763,1.42121,-1.04486,1.63513
-0.288383,-0.454698,0.40774,1.42123,-1.04488,1.6352
-0.288415,-0.454686,0.407731,1.42122,-1.04491,1.63515
-0.288415,-0.454689,0.407724,1.42124,-1.04493,1.63513
-0.288409,-0.454677,0.407747,1.42123,-1.04489,1.63513
-0.288403,-0.45468,0.407745,1.42121,-1.04489,1.63515
-0.288394,-0.454678,0.407757,1.42115,-1.04487,1.63517
-0.288394,-0.454677,0.407738,1.42121,-1.04489,1.63515
-0.288394,-0.454682,0.407758,1.42123,-1.04486,1.63514
-0.288413,-0.454669,0.407719,1.42123,-1.04496,1.63514
-0.28842,-0.454679,0.40775,1.42119,-1.0449,1.63509
-0.288396,-0.454674,0.407746,1.42118,-1.04489,1.63512
-0.288411,-0.454684,0.407727,1.42118,-1.04494,1.63515
-0.288412,-0.45467,0.407732,1.42119,-1.04493,1.63512
-0.288401,-0.454668,0.407741,1.42122,-1.04491,1.63512
-0.288423,-0.454671,0.407753,1.42117,-1.04491,1.63507
-0.288408,-0.454685,0.407766,1.42123,-1.04485,1.63512
-0.288392,-0.454673,0.407775,1.42123,-1.04485,1.63512
-0.288428,-0.45468,0.407756,1.42119,-1.04488,1.63508
-0.288409,-0.454668,0.407768,1.42123,-1.04485,1.63507
-0.288417,-0.454683,0.407739,1.42119,-1.04491,1.63512
-0.288232,-0.45414,0.407896,1.41675,-1.03889,1.63953
-0.287165,-0.451131,0.408714,1.39128,-1.00536,1.66434
-0.285749,-0.44673,0.410215,1.35691,-0.960288,1.69654
-0.285142,-0.444698,0.410822,1.34249,-0.941915,1.70971
-0.285166,-0.444658,0.410707,1.34228,-0.942097,1.70991
-0.283626,-0.44388,0.410727,1.34991,-0.941921,1.70624
-0.274707,-0.439104,0.411958,1.39453,-0.940066,1.68199
-0.260142,-0.431345,0.414202,1.4679,-0.936033,1.64093
-0.254265,-0.428103,0.415133,1.49779,-0.934421,1.62346
-0.251537,-0.426747,0.415603,1.51088,-0.933504,1.61614
-0.251595,-0.426658,0.41556,1.51105,-0.933778,1.61576
-0.251827,-0.426275,0.415585,1.50371,-0.925866,1.62255
-0.252707,-0.425305,0.415599,1.48297,-0.903578,1.64189
-0.254382,-0.423299,0.416196,1.44681,-0.864263,1.67413
-0.254777,-0.422744,0.416282,1.43825,-0.855435,1.68165
-0.254816,-0.422781,0.41637,1.43831,-0.855131,1.68148
-0.254783,-0.422782,0.416393,1.43833,-0.855008,1.68149
-0.255177,-0.423005,0.416554,1.43904,-0.862075,1.67696
-0.257763,-0.424493,0.417728,1.44357,-0.90252,1.65027
-0.26014,-0.425571,0.418889,1.44704,-0.94034,1.62465
-0.26033,-0.425718,0.419076,1.44736,-0.94559,1.62126
-0.261365,-0.425812,0.419151,1.44077,-0.943454,1.62762
-0.265295,-0.426376,0.419596,1.41282,-0.933532,1.65459
-0.266366,-0.426465,0.419746,1.40559,-0.930832,1.66155
-0.266356,-0.426563,0.419761,1.40538,-0.930623,1.6618
-0.266478,-0.426469,0.418416,1.40534,-0.931118,1.66205
-0.266468,-0.426433,0.418587,1.40536,-0.930687,1.66176
-0.266473,-0.426438,0.418631,1.40541,-0.930563,1.66171
-0.266608,-0.426252,0.417233,1.4053,-0.930683,1.66164
-0.266618,-0.426292,0.417093,1.40536,-0.930594,1.66175
-0.266719,-0.426127,0.415727,1.40539,-0.930783,1.6618
-0.266802,-0.426126,0.415706,1.40538,-0.930698,1.66161
-0.26681,-0.426142,0.41575,1.40541,-0.93053,1.66158
-0.267677,-0.426143,0.416673,1.39724,-0.926571,1.66632
-0.271551,-0.426351,0.420818,1.3625,-0.908705,1.68624
-0.272967,-0.426332,0.422264,1.35059,-0.902747,1.69264
-0.272971,-0.426357,0.42234,1.35069,-0.902453,1.69255
-0.273148,-0.426666,0.422707,1.35791,-0.907851,1.68839
-0.274444,-0.428003,0.423853,1.38893,-0.933271,1.66961
-0.274846,-0.428445,0.424504,1.4002,-0.941851,1.6627
-0.274891,-0.428359,0.424405,1.40029,-0.942317,1.66248
-0.274912,-0.428373,0.424345,1.40024,-0.94246,1.66256
-0.275705,-0.427776,0.424403,1.39324,-0.939306,1.66583
-0.279443,-0.42475,0.424993,1.36126,-0.923921,1.68016
-0.280496,-0.423857,0.425039,1.35222,-0.920192,1.6842
-0.280535,-0.423782,0.423604,1.35213,-0.920446,1.6844
-0.280609,-0.423779,0.423669,1.35222,-0.920226,1.68421
-0.280678,-0.42367,0.422293,1.3523,-0.92019,1.68425
-0.280725,-0.423673,0.422186,1.35222,-0.920309,1.68421
-0.28077,-0.4236,0.421241,1.35209,-0.920495,1.68433
-0.280777,-0.423614,0.421266,1.35218,-0.920378,1.68427
-0.280804,-0.423528,0.420222,1.3521,-0.920603,1.68441
-0.280932,-0.423389,0.418528,1.352,-0.920808,1.6844
-0.279732,-0.421624,0.420576,1.34558,-0.924784,1.67704
-0.276311,-0.417093,0.425949,1.32866,-0.935363,1.65833
-0.275827,-0.416331,0.426742,1.32565,-0.937296,1.65521
-0.275476,-0.416183,0.427156,1.33004,-0.927313,1.66264
-0.274755,-0.415594,0.427792,1.34225,-0.898991,1.68464
-0.274676,-0.415546,0.427868,1.34348,-0.896365,1.68675
-0.274869,-0.415497,0.427981,1.33669,-0.899819,1.68267
-0.275506,-0.415255,0.428127,1.30021,-0.919945,1.66188
-0.276432,-0.414229,0.428247,1.23579,-0.954145,1.62436
-0.276996,-0.413023,0.428109,1.18936,-0.978039,1.59654
-0.277196,-0.412598,0.428186,1.17438,-0.985112,1.5873
-0.277137,-0.412505,0.428081,1.1742,-0.985642,1.5873
-0.277137,-0.412518,0.42811,1.17421,-0.98557,1.58725
-0.276936,-0.412689,0.428242,1.18041,-0.98201,1.59144
-0.276806,-0.412877,0.428528,1.21705,-0.962399,1.61344
-0.276287,-0.412863,0.428851,1.27896,-0.92793,1.65034
-0.275655,-0.412484,0.428925,1.3208,-0.903711,1.67525
-0.27542,-0.412331,0.428893,1.33073,-0.898008,1.68113
-0.275477,-0.412346,0.428951,1.33081,-0.897809,1.68098
-0.275625,-0.412301,0.427369,1.33073,-0.898117,1.68111
-0.275578,-0.412266,0.427304,1.33076,-0.897973,1.68104
-0.275551,-0.412272,0.427349,1.33084,-0.897839,1.681
-0.275905,-0.411966,0.427777,1.32269,-0.898467,1.67919
-0.277294,-0.410974,0.429357,1.28797,-0.901108,1.67239
-0.277491,-0.410753,0.429651,1.28088,-0.901827,1.67115
-0.277495,-0.410711,0.429679,1.28041,-0.901896,1.671
-0.277509,-0.410701,0.429667,1.28038,-0.901901,1.67094
-0.277382,-0.410727,0.429633,1.28865,-0.904644,1.66919
-0.276773,-0.411197,0.429165,1.33335,-0.920769,1.66041
-0.276416,-0.411396,0.428845,1.36463,-0.931882,1.65402
