0,-0.000234311,0,-0.00365315,-0.000245744,0
0,-0.000547871,0,-0.00389621,-0.000206043,0
0,-0.000866834,0,-0.00446082,0,0
0,-0.00120532,0,-0.0050904,-0.00127453,0
0,-0.00170712,0,-0.00677394,-0.0005064,0
0,-0.00234566,0,-0.00834047,-0.00259352,0
0,-0.00226699,0,-0.00860514,-0.00255242,0
0,-0.00226622,0,-0.00860302,-0.00264164,0
0,-0.00244438,0,-0.00962209,-0.00158899,0
0,-0.00248563,0,-0.00953847,-0.00143906,0
0,-0.00212407,0,-0.00888057,-0.00267946,0
0,-0.0017871,0,-0.00799312,-0.00251751,0
0,-0.00146563,0,-0.00659508,-0.00374069,0
0,-0.00138715,0,-0.00642394,-0.00217423,0
0,-0.00277169,0,-0.0108857,-0.00303006,0
0,-0.00255971,0,-0.00988324,-0.0038103,0
0,-0.00173462,0,-0.00788371,0.000225654,0
0,0,0.00179963,-0.00532197,-0.00156718,0
0,0,0.00278996,-0.00438579,-0.00272401,0
0,0,0.00234022,-0.000604224,-0.00308938,0
0,0,0.00225023,-0.000604857,-0.00321577,0
0,0,0.00189055,0,-0.00113049,0.00112985
0,0,0.0025138,0,0,0.0133385
0,0,0.00227528,0,0,0.0117768
0,0,0,0,0,0.0113912
0,0,0,0,0,0.0104754
0,0,0,0,-0.00152408,0.00875724
0,0,0,0,0,0.00924607
0,0,0,0,-0.000296189,0.00938028
0,0,0,0,0,0.0103033
0,0,0,0,0,0.0132867
0,0.000426393,0,0,0,0.0131216
0,0.000149955,0,0,0,0.01206
0,0.000678453,0,0,0,0.011956
0,0.000597089,0,0,0,0.0126674
0,0.000857895,0,0,0,0.0129835
0.000440299,0.00120095,0,0.00106291,0,0.0156004
0.000570646,0.00206547,0,0.00313316,0,0.0150224
0.000912128,0.00212587,0,0.00341768,0,0.0152859
0.00155367,0.00216549,0,0.00350415,0,0.0156191
0.00179322,0.00216585,0,0.00328684,0,0.0162904
0.00203705,0.00300291,0,0.0125513,0.0099009,0.016974
0.00252101,0.00323379,0,0.0139895,0.00689441,0.0173049
0.0021312,0.00357243,0,0.0141395,0.00862831,0.0174497
0.00223208,0.00371305,0,0.0143806,0.00784103,0.0177423
0.00142097,0.0032325,0,0.0135944,0.0087767,0.0184477
0.00157153,0.00313339,0,0.0127899,0.00925694,0.0192726
0.00184243,0.00309285,0,0.0131809,0.00907854,0.0192012
0.00230182,0.00327366,0,0.0139026,0.00839406,0.0189379
0.00245347,0.00331368,0,0.0139024,0.00820398,0.018983
0.00245318,0.00349399,0,0.0143611,0.00812794,0.0189725
0.00218095,0.00379419,0,0.0148628,0.00899813,0.0192115
0.00206045,0.00357474,0,0.0143627,0.00962275,0.0202231
0.00264781,4.98415e-05,-0.00257377,0.0164619,0.0149797,0.0123149
0.00219024,0,-0.00237028,0.014498,0.0156886,0.0125656
0.00140472,0,-0.00236547,0.0143716,0.0239567,0.00679419
0.00221273,0,-0.00251105,0.0136298,0.019983,0.00609136
0.00160495,0,-0.00362083,0.0140832,0.0226777,0.00562734
0.00209441,0,-0.00356082,0.0156765,0.0213786,0.00466961
0.00192184,0,-0.00341141,0.0150484,0.0220212,0.00558863
0.00070255,0,0,0.00691341,0.00965629,0
0.000866947,0,0,0.00800464,0.00610231,0
0.00076943,0,0,0.00796261,0.00705935,0
0,0,0,0.00846196,0.0100365,0
0,0,0,0.00846118,0.0095837,0
0,0,0,0.00254848,0,0
0,0,0,0.00385388,0,0
0,0,0,0.00385124,0,0
0,0,0,0.00453324,0,0
3.36965e-05,0,0,0.00485496,0,0
0.000171163,0,0,0.00396092,0,0
0,0,0,0.00370145,0,0
0.000378561,0,0,0.00128791,0,0
0.0012002,0,0,0,0,0
0.00104925,0,0,0,0,0
0.00199969,0,0,0,0,0
0.00112167,0,0,0.0019378,0,0
0,0,0,0.00132464,0,0
0.00112058,0,0,0.00138924,0,0
0,0,0,0.00213614,0.00156153,0
0,0,0,0.00032239,0.00311729,0
0,0,0,0,0.00355739,0
0,0,0,0,0.00452048,0
0,0,0,0.00029153,0.00376774,0
0,0,0,0,0.00152333,0
0,0,0,0,0,-0.00148208
0,0,0,0.00115414,0,0
0,0,0,0.00156648,0,0
0,0,0,0.00211257,0,0
0,0,0,0.00270423,0,0
0,0,0,0.00270177,0,0
0,0,0,0.00292056,0,0
0,0,0,0.00215486,0,0
0,0,0,0.00228739,0,0
0,0,0,0.00161098,0,0
0,0,0,0.00219815,0,0
0,0.000791255,0,0.00702955,0.0001187,0.000979905
0,0.000978582,0,0.00663229,0,0.00110744
0,0.00133872,0,0.00776545,0,0.00116518
0,0.0016811,0,0.00822828,0,0.00137053
0,0.0013872,0,0.00601768,0,0.00624602
0,0.00185289,0,0.00693732,0,0.00476489
0,0.00213046,0,0.00815218,0,0.00405166
0,0.00298913,0,0.00987334,0,0.00398191
0,0.0028194,0,0.00971013,0.0010402,0.00754065
0,0.00462537,0,0.0138692,0.00210591,0.00713617
0,0.0056083,0,0.0173872,0.00326019,0.00988542
0,0.0051063,0,0.0153108,0.00440591,0.0102589
1.35177e-05,0.00204788,0,0.00992106,0.00287011,0.00272446
0.000227063,0.00134036,0,0.00991889,0.00251865,0.00401461
0.000499146,0.00134178,0,0.010315,0.00303604,0.00631711
0.00044661,0.00212098,0,0.0117301,0.00611478,0.00650573
0.000718402,0.0027231,0,0.0138292,0.0054145,0.00624041
0.00170767,0.00240976,0,0.0141574,0.00630153,0.00763276
0.00228679,0.00338312,0,0.016623,0.00663881,0.00775422
0.0020652,0.00436259,0,0.0179518,0.00848813,0.00832674
0.001746,0.00442406,0,0.0183702,0.0082514,0.0100208
0.00145478,0.00420135,0,0.0174699,0.00937654,0.0108842
0.00349845,0.00238588,0,0.0146306,0,0.00363164
0.00293271,0.00197286,0,0.0146731,0.00303163,0.0050616
0.00288294,0.001792,0,0.014038,0.00207899,0.00658152
0.00288412,0.00175315,0,0.0140407,0.00197793,0.00633522
0.00261253,0.00157289,0,0.0131464,0.00513754,0.00807253
0.00249573,0.00372138,0,0.017286,0.00794481,0.00863914
0.00271642,0.00374527,0,0.0188577,0.00750694,0.00904139
0.00283682,0.00356433,0,0.0179616,0.0071218,0.00947075
0.0028862,0.00342578,0,0.0177254,0.00578021,0.00985762
0.00271696,0.0031235,0,0.0172624,0.00641356,0.00974967
0.00266775,0.00316315,0,0.0172602,0.00652063,0.00973405
0.00283629,0.00290015,0,0.0166656,0.00692552,0.00953196
0.00313372,0.00266879,0,0.0167411,0.00537098,0.00803527
0.00308711,0.00260859,0,0.0167414,0.00564892,0.00827618
0.00281767,0.00296875,0,0.0174835,0.00735899,0.00830747
0.0030369,0.00382803,0,0.0188992,0.00684142,0.00821151
0.00254719,0.00424799,0,0.0204906,0.0064373,0.00841922
0.0023058,0.00462759,0,0.0209475,0.00713991,0.00921124
0.0016644,0.00458871,0,0.020907,0.0108206,0.0106744
0.00294283,0.00529208,0,0.0218021,0.00554352,0.00866604
0.0032902,0.00518251,0,0.0217981,0.00436809,0.0082165
0.00294984,0.00544154,0,0.0226909,0.0059465,0.00918666
0.0023093,0.00522162,0,0.0221021,0.00945051,0.0112189
0.00291988,0.00492217,0,0.0214271,0.0072176,0.0115206
0.00306865,0.0051428,0,0.021887,0.00755671,0.0110318
0.00357887,0.00518373,0,0.0218451,0.00480914,0.0107546
0.00291812,0.00518426,0,0.0218904,0.00701759,0.0104491
0.00306772,0.00492303,0,0.0212988,0.00659739,0.0108049
0.00306827,0.00478395,0,0.0210175,0.00713343,0.011419
0.00306702,0.00474432,0,0.0210178,0.00704932,0.01133
0.0048308,0.00105873,0,0.0139743,0.00285805,0.000857507
0.00365603,0.00153977,0,0.0166567,0.00470668,0.00183535
0.0042163,0.00170026,0,0.0176174,0.00201637,0.0021454
0.00321522,0.00204023,0,0.0183366,0.00549175,0.00296216
0.00377688,0.00199827,0,0.018113,0.00679189,0.00460063
0.00347091,0.00305278,0,0.0181821,0.00452988,0.00411856
0.00288855,0.00270941,0,0.017416,0.00674256,0.00511432
0.00315536,0.0029304,0,0.0178326,0.00655137,0.00541952
0.00320594,0.00288967,0,0.017831,0.00661453,0.00553956
0.00354735,0.00288998,0,0.0175704,0.00622746,0.00609783
0.00472569,0.00325028,0,0.0183126,0.0031525,0.0063734
0.00435433,0.00384959,0,0.0193141,0.00334982,0.00644157
0.00349508,0.00394939,0,0.0193785,0.00394782,0.00702956
0.00296079,0.00425155,0,0.020015,0.00530442,0.0073121
0.00294916,0.0029743,0,0.0165235,0.00348651,0.00219567
0.00359387,0.00270016,0,0.0165248,0.0023162,0.00407587
0.00325143,0.00269924,0,0.0160426,0.00494167,0.00558489
0.00335282,0.00269959,0,0.0160438,0.00443793,0.00537542
0.00335023,0.00306041,0,0.0168313,0.00326161,0.00540667
0.00128149,0.00105322,0,0.0155038,0.00571704,0
0,0.00119497,0,0.0144806,0.0108267,0
0,0.00141553,0,0.0152009,0.0100551,0
0.000400837,0.000834496,0,0.013345,0.0086881,0
0.000110165,0.000453681,0,0.0129293,0.0102089,0
0,0,0,0.00929319,0.0100994,0
0,0,0,0.00861612,0.0107946,0
0,0,0,0.00907398,0.0102569,0
0,0,0,0.00929324,0.0097618,0
-0.0014942,0.00470461,0,0.0184759,0.0210874,0.0054215
-0.00155387,0.00667904,0,0.0200435,0.020733,0.00637934
-0.00192534,0.00669979,0,0.0200232,0.021102,0.00673689
-0.00221604,0.00647933,0,0.0185609,0.0202637,0.00703356
-0.00258636,0.00597877,0,0.0164001,0.0178079,0.00688712
-0.00236719,0.00481823,0,0.0141315,0.0160453,0.00663779
0,0,0,0,0,0.00695563
0,0,0,0,0,0.00497465
0,0,0,-0.000405898,0,0.00332096
0,0,0,-0.000404882,0,0.00282185
0,0,0,-0.00283176,0,0.000854369
0,0,0,-0.00254883,0,0
0,0,0,-0.00184205,0,0.0006444
0,0,0,-0.000998014,0,0.00207698
0.00130283,0,0,0,0,0.00375503
0,0,0,0,0,0.00435326
0,0,0,0,0,0.00537386
0,0,0,0,0,0.00523757
-0.00163457,0,0,0,-0.000383793,0.000584639
-0.00229987,0,0,0,0.00122373,0.00136025
-0.00230001,0,0,0,0.00108823,0.000763367
-0.00229998,0,0,0,0.00260965,0.00075127
-0.001789,0,0,0,0.00187714,0.000713009
-0.00163797,0,0,0,0.00206201,0.000714581
-0.00180815,0,0,8.38329e-05,0.00173325,0.000924073
0,0,0.00271491,0,0,0
-7.64799e-05,0,0.00289471,0,0,0.000616186
-0.000345419,0.00173203,0.00388469,0,0,0.00161737
-0.000634774,0.00204957,0.00313498,0.00169992,0,0.00251582
-0.000733627,0.0018907,0.00298518,0.00170281,0,0.00277924
-0.00025352,0,0.00228411,0,0,0.00153197
0,0,-0.00616116,0.00746648,0.038367,0
0,0,-0.00442287,0.00836123,0.0503181,0
0,0,-0.00541247,0.0100403,0.0498384,0
0,0,-0.00547274,0.00995286,0.0512842,0
0,0,-0.00553235,0.00995315,0.0510403,0
-9.22041e-05,-0.00150488,-0.00436337,0.000659053,0.0404208,-0.0105025
0,-0.00170573,-0.00515049,0,0.0407311,-0.00984615
-9.48508e-05,-0.00212697,-0.0048508,0,0.0409297,-0.010526
-0.00375409,-0.00276604,-0.000940576,0,0.0291667,-0.01517
-0.00358699,-0.00265567,0,0,0.0260786,-0.0160423
-0.00373886,-0.00251618,0,0,0.0257119,-0.0159604
-0.00390861,-0.00221659,0,0,0.0249489,-0.0160945
-0.00395723,-0.00207638,0,0,0.025092,-0.0163529
-0.00395619,-0.00229613,0,0,0.0254936,-0.0166755
-0.00422522,-0.00243638,0,0,0.026226,-0.0169058
-0.00513434,-0.000305751,0,0,0.0219219,-0.0124631
-0.00568681,-0.000459459,0,0,0.0223278,-0.0138848
-0.00529676,-0.000676529,0,0,0.0230371,-0.0137283
-0.00492641,0,0,0,0.0233821,-0.014124
0,-0.000921618,0,0,-0.000157141,-0.0118588
0,-0.00150732,0,0,0.00281854,-0.0118525
0,-0.00178583,0,0,0.00226548,-0.0105811
0,-0.00160428,0,0,0.00213027,-0.0106439
0,-0.00128493,0,0,0.000619215,-0.0106318
0,-0.000947566,0,0,0.00216177,-0.0103907
0,0,0,0,0,-0.00319964
0,0,0,0,-0.000406657,-0.00436701
0,0,0,0,0,-0.00425738
0,0,0,0,0.00114306,-0.00426724
0,0,0,0,0.00221194,-0.00101374
0,0,0,0,0.00141755,-0.00126244
0,0,0,0,0.00116256,0
0,0,0,0,0.00239617,0
0,0,0,0,0.00221767,0
0,0,0,0,0.00438368,-0.000257292
0,0,0,0,0.00401582,-0.000281271
0,0,0,0,0.0042816,-0.00106762
0,0,0,0,0.0042517,-0.00131626
0,0,0,0,0.00263177,-0.0018518
0,0,0,0,0.00257964,-0.00173669
0,0,0,0,0.00116888,-0.0012901
0,0,0,0,0.00317811,-0.000602415
0,0,0,0,0.0036252,-0.000696907
0,0,0,0,0.00484734,-0.00356181
0,0,0,0,0.00515539,-0.00308433
0,0,0,0,0.00410378,-0.00271843
0,0,0,0,0.00430797,-0.00282816
0,0,0,0,0.0026851,-0.00231697
0,0,0,0,0.00414299,-0.00212498
0,0,0,0,0.00330828,-0.00205558
0,0,0,0,0.00389957,-0.0021947
0,0,0,0,0.0052608,-0.0020702
0,0,0,0,0.00654432,-0.00220136
0,0,0,0,0.00578649,-0.00278262
0,0,0,0,0.0056345,-0.00269005
0,0,0,0,0.00506837,-0.00217697
0,0,0,0,0.00469941,-0.00185077
0,0,0,0,0.00407716,-0.00133947
0,0,0,0,0.00443276,-0.00116336
0,0,0,0,0.00478461,-0.00103955
0,0,0,0,0.00443343,-0.00333888
0,0,0,0,0.00475429,-0.00339783
0,0,0,0,0.00482098,-0.00348342
0,0,0,0,0.00475198,-0.00307565
0,0,0,0,0.00616017,-0.00268983
0,0,0,0,0.00653279,-0.0021054
0,0,0,0,0.00674386,-0.00211424
0,0,0,0,0.00748297,-0.00242105
0,0,0,0,0.0044042,-0.00203881
0,0,0,0,0.00530009,-0.00221859
0,0,0,0,0.00652086,-0.00223789
0,0,0,0,0.00632868,-0.00225335
0,0,0,0,0.0107998,-0.0025941
0,0,0,0,0.00907776,-0.00323376
0,0,0,0,0.00995068,-0.00323223
0,0,0,0,0.0107302,-0.00335951
0,0,0,0,0.0116383,-0.00302087
0,0,0,0,0.0127225,-0.0042025
0,0,0,0,0.0140515,-0.00372723
0,0,0,0,0.0151512,-0.00284435
0,0,0,0.000546186,0.0158764,-0.00265256
0,0,0,0.00185312,0.0149643,-0.00212036
0,0,0,0.00198486,0.014962,-0.00181154
0,0,0,0,0.0144757,-0.00594055
0,0,0,0,0.0149902,-0.00502739
0,0,0,0,0.0146587,-0.00483901
0,0,0,0.000261538,0.0146977,-0.00435213
0,0,0,0.00139625,0.016304,-0.00340799
0,0,0,0,0.0136175,-0.00529728
0,0,0,0,0.0161549,-0.00649983
0,0,0,0,0.0174876,-0.00707025
0,0,0,0,0.0160585,-0.00745404
0,0,0,0.000389112,0.0110296,-0.00581363
0,0,0,0.000585754,0.0133492,-0.00458511
0,0,0,0.00158569,0.0126582,-0.00449254
0,0,0,0.000691864,0.0127095,-0.00353496
0,0,0,0.000387656,0.0119713,-0.0035455
0,0,0,0.000559792,0.0115071,-0.00361483
0,0,0,0,0.0113742,-0.00352105
0,0,0,0,0.00960086,-0.00380533
0,0,0,0,0,-0.00112568
0,0,0,0,-0.00535596,-8.15454e-05
0,0,0,0,-0.00276991,-0.000697239
0,0,0,0,-0.00208958,-0.00148422
0,0,0,0,-0.0013771,-0.00179526
0,0,0,0,-0.000752014,-0.00169121
0,0,0,0,-0.00300339,-0.0021237
0,0,0.00113753,0,-0.00521489,-0.00303974
0,0,0,0,-0.00522084,-0.00295236
0,0,0,0,-0.00350792,-0.00212718
0,0,0,0,-0.00286575,-0.00192644
0,0,0,0,0.000452181,-0.00190398
0,0,0,0,-0.00103086,-0.00243082
0,0,0,0,-0.00244853,-0.00304653
0,0,0,0,-0.00055169,-0.00226525
0,0,0,0,0,-0.00218466
0,0,0,0,-0.000931962,-0.00294358
0,0,0,0,0,-0.00403698
-0.00125581,-0.00177495,0,-0.00192742,0,-0.0092248
-0.000703423,-0.00220702,0,-0.0029462,0,-0.0110724
-0.000773305,-0.00216837,0,-0.0027309,0,-0.0110915
-0.00163327,-0.00216869,0,-0.00264385,0,-0.0108036
-0.00148265,-0.00216718,0,-0.00255214,0,-0.0107862
-0.00175185,-0.00216806,0,-0.00246735,0,-0.0112919
-0.0013619,-0.00216789,0,-0.00238017,0,-0.0119025
-0.00341642,-0.00632257,0,-0.0124718,0,-0.0192866
-0.00335604,-0.00568478,0,-0.0124757,0,-0.0179101
-0.00399585,-0.00542624,0,-0.0119766,0,-0.0176676
-0.00423755,-0.0052845,0,-0.0114272,0,-0.0176381
-0.00460773,-0.00472252,0,-0.0103335,0,-0.0176961
-0.00438837,-0.00462373,0,-0.00987842,0,-0.0175507
-0.00433868,-0.00510306,0.00145331,-0.0113157,0,-0.0165022
-0.00416674,-0.00538621,0.00163439,-0.0126764,0,-0.0167618
-0.00438946,-0.00572384,0,-0.0132592,0,-0.0173501
-0.00450414,-0.00402007,0,-0.0099603,0,-0.0139245
-0.00347123,-0.00364959,0,-0.0103513,0,-0.0132484
-0.00350185,-0.00382893,0.0015461,-0.010589,0,-0.0127269
-0.00345261,-0.00387029,0.00156571,-0.0105923,0,-0.0126032
-0.00396377,-0.00404902,0.00156546,-0.0113525,0,-0.0122823
-0.00384471,-0.00409018,0,-0.0110936,0,-0.0126201
-0.00423365,-0.00409114,0.00156552,-0.0111841,0,-0.0129688
-0.00459934,-0.00434947,0.00156632,-0.0116815,0,-0.0135865
0,-0.00313662,0.00305435,-0.00816499,-0.00688566,-0.0089295
0,-0.00339892,0.00324655,-0.00921761,-0.00883905,-0.00828895
0,-0.00331649,0.00363633,-0.00921191,-0.010454,-0.00862409
0,-0.00331562,0.00372658,-0.009211,-0.0108771,-0.00872913
0,-0.00367855,0.00348639,-0.00982979,-0.0111714,-0.00836563
0,0,0.00154483,0,-0.0129076,-0.00231553
0,0,0.00269799,-0.0001618,-0.0153539,-0.00390191
0,-0.000363836,0.00308853,-0.0021444,-0.0180176,-0.00520189
0,-0.00160787,0.00233839,-0.00363177,-0.0203465,-0.00581885
0,-0.00254976,0,-0.00439813,-0.0262125,-0.00693183
0,-0.0051813,0,-0.0100486,-0.0173298,-0.002691
0,-0.00605408,0,-0.0105526,-0.0151242,-0.00176292
0,-0.00601444,0,-0.0103362,-0.0150045,-0.00174712
-0.00131466,-0.00601191,0,-0.0105053,-0.0124352,-0.00164284
-0.000585979,-0.007885,0,-0.0200012,0,0
-0.000543305,-0.00830221,0,-0.0198287,-0.00270611,0
-0.00081358,-0.00830157,0,-0.019653,0,0
-0.000764094,-0.00829983,0,-0.0196497,0,0
-0.000762963,-0.00812037,0,-0.0192798,0,0
-0.000593786,-0.00782001,0,-0.0184286,0,0
-0.000811676,-0.00786235,0,-0.0186533,0,0
-0.00126012,-0.00414643,0,-0.0117216,-8.15751e-05,0
-0.00167376,-0.00526056,0,-0.013451,0,0
0,-0.00669851,0,-0.0141768,-0.00884827,0
0,-0.00685502,0,-0.0150468,-0.0134619,0
0,-0.00771515,0,-0.0168136,-0.0140145,0
0,-0.00813359,0,-0.0180958,-0.0137254,0
0,-0.00877664,0,-0.0192801,-0.0133473,0
0,-0.00851474,0,-0.0181641,-0.0148208,0
0,-0.00324367,0,-0.00799994,-0.0133858,0
0,-0.00441019,0,-0.00905187,-0.0130018,0
0,-0.00448939,0,-0.00904938,-0.0130191,0
0,-0.00485163,0,-0.0101893,-0.0139959,0
0,-0.00518805,0,-0.0108574,-0.0151772,0
0,-0.00648552,0,-0.0139931,-0.0149975,0
0,-0.00782316,0,-0.0158259,-0.016468,0
0,-0.00784354,0,-0.0160235,-0.0183723,0
0,-0.00736322,0,-0.014627,-0.017501,0
0,-0.00744201,0,-0.0146234,-0.0173467,0
0,-0.00545811,0,-0.0118739,-0.0118083,0
0,-0.0066635,0,-0.0142515,-0.0121183,0
0,-0.00686313,0,-0.0139455,-0.0110661,0
0,-0.00668191,0,-0.0129607,-0.0136727,0
0,-0.00612084,0,-0.0116073,-0.0142579,0
0,-0.006203,0,-0.0110899,-0.0141102,0
0,-0.00620273,0,-0.0114809,-0.0130294,0
0,-0.00602198,0,-0.0107152,-0.0129339,0
0,-0.00598269,0,-0.010717,-0.012904,0
0,-0.00598103,0,-0.0104512,-0.0140359,0
0,-0.00634746,0,-0.0120942,-0.0107413,0
0,-0.00737154,0,-0.0149305,-0.00583254,0
0,-0.00839018,0,-0.0159961,-0.00804905,0
0,-0.00863082,0,-0.0168695,-0.00761894,0
0,-0.00845121,0,-0.0161068,-0.00818253,0
0,-0.0084918,0,-0.0160213,-0.00958836,0
0,-0.00849255,0,-0.0160227,-0.00937165,0
0,-0.00795007,0,-0.0136829,-0.00712147,0
0,-0.00412609,0,-0.00988623,-0.00943891,0
0,-0.00487583,0,-0.0104749,-0.0106241,0
0,-0.00491556,0,-0.0104745,-0.0105088,0
0,-0.00509585,0,-0.0109768,-0.00891793,0
0,-0.00539401,0,-0.0113873,-0.0087023,0
0,0,0,0,-0.000834547,0.0010929
0,0,0,0,-0.000510241,0.0010947
0,0,0,0,0,0.00110645
0,0,0,0,0,0.00163636
0,0,0,0,0,0.00186411
0,0,0,0,0,0.00216917
0,0,0,0,0,0.00214498
0,0,0,0,-0.000750216,0.00216915
0,0,0,0,-0.00110129,0.00233854
0,0,0,0,-0.000294955,0.0025686
0,0,0,0,-0.000107878,0.00263312
0,0,0,0,0,0.00249204
0,0,0,0,0,0.00235238
0,0,0,0,0,0.00237673
0,0,0,0,0,0.00201236
0,0,0,0,0,0.00193376
0,0,0,0,0,0.00257105
0,0,0,0,0,0.00259874
0,0,0,0,0,0.00220451
0,0,0,0,0,0.00210143
0,0,0,0,0,0.00201601
0,0,0,0,0,0.00191321
0,0,0,0,0,0.00226275
0,0,0,0,0,0.00230448
0,0,0,0,0,0.00260263
0,0,0,0,0,0.00255728
0,0,0,0,0,0.00261992
0,0,0,0,-0.000852856,0.00168809
0,0,0,0,0,0.00197049
0,0,0,0,0,0.00231059
0,0,0,0,0.000120588,0.00258514
0,0,0,0,0,0.00302459
0,0,0,0,0,0.00314184
0,0,0,0,0,0.00314136
0,0,0,0,-8.71728e-05,0.00281699
0,0,0,0,0,0.00290606
0,0,0,0,0,0.00346732
0,0,0,0,0,0.00315906
0,0,0,0,0,0.00278023
0,0,0,0,0,0.00283409
0,0,0,0,0,0.00278189
0,0,0,0,0,0.00272077
0,0,0,0,0,0.00287041
0,-0.000398801,0,0.00703071,0,0.000880834
0,0.000441632,0,0.00657106,0,0.000662289
0,0.00030055,0,0.00619699,0,0.000554406
0,0.000262807,-0.00256506,0.00602759,0,-8.94312e-05
0,0.000263549,-0.00177784,0.00603093,0,1.49737e-05
0,0.000262078,-0.00159816,0.00611451,0,0
0,0.000262662,0,0.00628979,0,0
0,0.000523223,-0.00162811,0.00714101,0,0
0,0.00164186,-0.00488037,0.0120319,0,0
0,0.00293803,-0.00457777,0.0140791,0,0
0,0.00278005,-0.00463813,0.0140843,0,0
0,0.00381826,-0.00451767,0.0166531,0,0
0,0.00365969,-0.00484825,0.0162199,0,0
0,0.0033972,-0.00430842,0.0155383,0,0
0,0.00217795,-0.00436958,0.0122463,0,0
0,0.000369138,-0.00447064,0.00852565,0,0
0,0.00132437,-0.00486339,0.0108372,0,0
0,0.00252466,-0.00504284,0.0128005,0,0
0,0.00308481,-0.0061827,0.0147636,0,0
0,0.00428435,-0.0063627,0.0169866,0,0
0,0,-0.0062867,0.00299698,0,0
0,0.00157193,-0.0063143,0.00563504,0,0
0,0.00100472,-0.0063142,0.00563507,0,0
0,0.00118612,-0.00631447,0.00513747,0,0
0,0.00174698,-0.00613465,0.00605428,0,0
0,0.0018468,-0.00568479,0.00607568,0,0
0,0,-0.00250823,0,-0.00194481,0
0,0,-0.00313756,0,0,0
0,0,-0.00406703,0,0,0
0,0,-0.00403697,9.52053e-05,0,0
0,0,-0.00172605,0.00185146,-0.0074556,0
0,0,-0.00187645,0.00394604,-0.0114503,0
0,0,-0.00163653,0.00503776,-0.0111246,0
0,-4.09163e-05,-0.00154677,0.00604333,-0.0137255,0
0,0.000254368,-0.00151651,0.00603962,-0.0132968,0
0,-6.83554e-06,0,0.00557982,-0.0143475,0
0,0.000469627,-0.00326509,0.00798025,-0.00744006,0.00166317
0,0.000304752,-0.00370257,0.00743143,-0.00517599,0.00139552
0,0,-0.00370266,0.00629824,-0.00384219,0.00131368
0,0,-0.00280239,0.00527457,-0.00249558,0.00105517
0,0.00115829,-0.00405075,0.00750414,0,0
0,0.0018557,-0.00450528,0.00880577,0,0.000569133
0,0.00195701,-0.00471553,0.00939679,0,0.000911008
0,0.00199683,-0.00495509,0.00948337,0,0.00103131
0,0.00199546,-0.00492531,0.00947915,0,0.00102268
0,0,-0.00223738,0,-0.00373686,0
0,0,-0.00328534,0,-0.000891219,0
0,0,-0.00379516,0,-0.000396385,0
0,0,-0.00373515,0,-0.00014174,0
0,0,-0.0042749,0.00114281,0,0
0,0.00157587,-0.00526375,0.0049781,0,0
0,0.00182063,-0.00553305,0.00534963,0,0
0,0.00186191,-0.00553339,0.00535208,0,0
0,0.00222275,-0.00553382,0.0066632,0,0
0,0.00178143,-0.00505359,0.00587525,0,0
0,0.00132114,-0.0051134,0.00449985,0,0
0,0,-0.00364301,0,-0.00198723,0
0,0,-0.00310289,0,0.00041475,0
0,0,-0.00337281,0,0,0
0,0,-0.00379254,0,0,0
0,0,0,0,-0.00138302,0
0,0,0,0,-0.00166384,0
0,0,0,0,-0.00202702,0
0,0,0,0,-0.00387005,0
0,0,0,0,-0.00339521,0
0,0,0,0,-0.00335178,0
0,0,0,0,-0.0026042,0
0,0,0,0,-0.00214105,0
0,0,0,0,-0.00131416,0.000559961
0,0,0,0,-0.0015912,0.000578938
0,0,0,0,-0.00123513,0.000727468
0,0,0,0,-0.000901674,0.0011825
0,0,0,0,-0.00139188,0.00128546
0,0,0,0,-0.00207103,0.00143363
0,0,0,0,-0.00226282,0.00141644
0,0,0,0,-0.00212741,0.00152107
0,0,0,0,-0.00163016,0.00125233
0,0,0,0,-0.00247453,0.00103219
0,0,0,0,-0.00318595,0.00110032
0,0,0,0,-0.00561905,0.000479313
0,0,0,0,-0.00662168,0.00108001
0,0,0,0,-0.00541438,0.0020514
0,0,0,0,-0.00709849,0.00211972
-0.000340422,0,0.00244536,-0.000168369,-0.0109755,0.000502746
0,0,0.00416984,0,-0.00853582,0.000871667
0,0,0.00437978,0,-0.0091527,0.00113555
0,0,0.00444008,0,-0.00882754,0.00140241
0,0,0.00431996,0,-0.00791176,0.00167808
0,0,0.00386995,0,-0.00868443,0.00118186
0,0,0.00441969,0,-0.00698359,0.00275095
0,0,0.00543955,0,-0.00806716,0.00339118
0,0,0.00468962,0,-0.00738569,0.0044695
0,0,0.00573225,0,-0.0133997,0.00320599
0,0,0.00565357,0,-0.012879,0.00253854
0,0,0.00694349,0,-0.0115929,0.00226126
0,0,0.00673348,0,-0.0118275,0.0021756
0,0,0.00745356,0,-0.0121287,0.00164537
0,0,0.00697348,0,-0.0130224,0.00108357
0,0,0.00688348,0,-0.0139154,0.00118293
0,0,0.00652364,0,-0.0144561,0.00144129
0,0,0.00625321,0,-0.0143885,0.00163674
0,0,0.00652328,0,-0.0134188,0.00216683
0,0,0.0059482,0,-0.0128839,0.0042407
0,0,0.00581414,0,-0.0118987,0.00432864
0,0,0.00629491,0,-0.0117995,0.00399923
0,0,0.00644423,0,-0.0128013,0.00306022
0,0,0.0072239,0,-0.0111049,0.00292777
0,0,0.00722386,0,-0.0129925,0.0023258
0,0,0.0072539,0,-0.0133829,0.00241477
0,0,0.00713367,0,-0.0134397,0.00246692
0,0,0.00782372,0,-0.012392,0.00248635
0,0,0.00734349,0,-0.0138093,0.00275509
0.000276263,0,0.00733543,0,-0.0175886,0.0018227
0,0,0.00684207,0,-0.0151035,0.00193602
0.000233047,0,0.00636204,0,-0.0173443,0.0015311
-3.46786e-05,0,0.00618237,0,-0.0165769,0.00114059
1.29209e-05,0,0.00684178,0,-0.0159254,0.000730322
0.000280066,0,0.0069615,0,-0.016754,0.000457738
0.000230841,0,0.00666151,0,-0.0174829,0.000483965
0.000232424,0,0.00672168,0,-0.0173943,0.000483834
0.000233079,0,0.00708197,0,-0.0169582,0.000623712
-3.93114e-05,0,0.00690139,0,-0.0168074,0.000334045
4.86515e-05,0,0.00496675,0,-0.0113679,0.00409364
0,0,0.00552415,0,-0.0117438,0.00513533
0,0,0.00630415,0,-0.0118602,0.00491394
0,0,0.00570439,0,-0.0132631,0.00419317
0.000332088,0,0.00468456,0,-0.0155105,0.00436104
0.000793874,0,0.00308063,0,-0.00908763,0.0104494
0.000674724,0,0.00246231,0,-0.00618334,0.00907449
0.00123426,0,0.00225218,0,-0.0080486,0.00863812
0.00138673,0.000270584,0.00255256,0,-0.00802401,0.00881452
0.00155626,0.000774997,0.00249249,0,-0.00884641,0.00945119
0.000792844,0.00111752,0.0030318,0,-0.00593264,0.00986631
0.000943747,0.000896942,0.00234205,0,-0.00725226,0.0106341
0.000944471,0.000854476,0.0021921,0,-0.00745559,0.0105275
0.000944821,0.00085419,0.00231224,0,-0.00734436,0.0103185
0.00121503,0.000597539,0.00198201,0,-0.00809653,0.0101856
0.00116299,0.000455768,0.00180183,0,-0.00797522,0.00978788
0.0011639,0.000155734,0.00210189,0,-0.0080128,0.00971468
0.00082216,0,0.00216156,0,-0.00740331,0.00990081
0.00139803,0.0014997,0.00282476,0,-0.00572341,0.0141921
0.00212245,0.000491475,0,0,-0.00919769,0.014018
0.00264411,0,0,0,-0.010002,0.0136412
0.00242215,0,0.00175906,0,-0.00884292,0.01249
0,0,0,0,0.00438717,0.0108848
0,0.000393584,0,0,0.00193448,0.0108188
0,0.000847276,0,0,0.00408106,0.0112306
0,0.000588014,0,0,0.00312822,0.0122491
0,0,0,0,0.0104329,0.00981629
0,0,0,0,0.00947937,0.00940231
0,0,0,0,0.00895069,0.00919466
0,0,0,0,0.00796734,0.00870998
0,0,0,0,0.00969103,0.0086366
0,0,0,0,0.00463996,-0.000621915
0,0,0,0,0.00427768,0.00102006
0,0,0,0,0.0053628,0.000930819
0,0,0,0,0.00405476,0.000949857
0,0,0,0,0.00410495,0.000898235
0,-0.000434401,0,0,0.00273223,0
0,-0.00046464,0,0,0.0022674,0
0,-0.000503181,0,0,0.00213007,0
0,-0.00154288,0,0,0,0
0,-0.00134956,0,0,0,0
0,-0.00161116,0,0,0,0
0,-0.00139201,0,0,0,0
0,0,0,0.00141663,0,0
0,0,0,0.00444922,0,0
0,0,0,0.00593499,0,0
0,0,0,0.00769838,0,0
0,0,0,0.00547338,0,0
0,0,0,0.00578217,0,0
0,0,-0.00218345,0.0059522,0,0
0,0,-0.00192609,0.00531999,0,0
0,0,-0.00201683,0.00532217,0,0
0,0,-0.00201615,0.00501608,0,0
0,0,-0.00147595,0.00497038,0,0
0,0,-0.00156631,0.00488242,0,0
0,0,0,0.00470628,0,0
0,0,0,0.00479521,0,0
0,0,0,0.00434154,0,0
0,0,0,0.00434032,0,0
0,0,-0.0022943,0.00370544,0,0
0,0,-0.00229298,0.00359528,0,0
0,0,-0.00214276,0.00287621,0,0
0,0,-0.00193283,0.00327054,0,0
0,0,-0.00169266,0.00300973,0,0
0,0,0,0.00277111,0,0
0,0,-0.00160304,0.00326944,0,0
0,0,0,0.00141539,0,0
0,-0.00130727,0,-0.00104855,0,0
0,-0.00164608,0,-0.00176517,0,0
0,-0.00160728,0,-0.001768,0,0
0,-0.00160654,0,-0.00159175,0,0
0,-0.00160814,0,-0.00168316,0,0
0,-0.00160926,0,-0.00151042,0,0
0,-0.00160755,0,-0.00133137,0,0
0,-0.00186932,0,-0.00157536,0,0
0,-0.00218765,0,-0.00279257,0,0
0,-0.00278614,0,-0.00379327,0,0
0,-0.00306804,0,-0.00519377,0,0
0,-0.0031473,0,-0.00519165,0,0
0,-0.00296842,0,-0.00482372,0,0
-0.00102897,-0.000396644,0,0,0.00185412,0
-0.000570588,-0.000997063,0,-0.000764048,0.0017644,0
-8.03195e-05,-0.00163731,0,-0.00281479,0,0
0,-0.00309605,0,-0.00518861,0,0
-0.00167701,-0.00556074,0,-0.0120037,0.00154166,0
-0.00292724,-0.00589298,0,-0.0110662,0.00341712,0
-0.00226534,-0.00557368,0,-0.0100651,0.0018696,0
-0.00238242,-0.00471403,0,-0.00829913,0.0037403,0
-0.00250405,-0.00429233,0,-0.00678987,0.00503822,0
-0.00282129,-0.00364964,0,-0.00582558,0.00518998,0
-0.00277206,-0.00373199,0,-0.00583131,0.00523451,0
-0.00331586,-0.00346905,0,-0.00554124,0.00678256,0
-0.00252206,-0.00446501,0,-0.00833844,0.00224692,-0.000342939
-0.0028575,-0.00519784,0,-0.00956065,0.00245232,-0.00183833
-0.00258658,-0.00493854,0,-0.00862515,0.00137536,-0.00255516
-0.00226596,-0.00567768,0,-0.00964784,0.00189718,-0.00207177
-0.00231613,-0.00591862,0,-0.0106968,0.00252075,-0.00175751
-0.000973397,-0.00303423,0,-0.00512996,0,-0.00468662
-0.00105325,-0.00403192,0,-0.00677003,0,-0.00443857
-0.00100363,-0.00493084,0,-0.00840257,0,-0.00431472
-0.00134453,-0.00499058,0,-0.00890281,0,-0.00444389
-0.00144339,-0.00451193,0,-0.0077282,0,-0.0053264
-0.00161349,-0.00422983,0,-0.00650159,0,-0.00554644
-0.00166314,-0.00414991,0,-0.00632811,0,-0.00558466
-0.00183413,-0.0043315,0,-0.00674729,0,-0.00555162
-0.00116382,-0.00574001,0,-0.0108559,0,-0.00816155
-0.001129,-0.00588849,0,-0.0117689,0,-0.00854842
-0.00134634,-0.00675164,0,-0.0128875,0,-0.00835603
-0.00129825,-0.00663166,0,-0.0128892,0,-0.00842262
-0.00238187,-0.00741048,0,-0.0144784,0,-0.007397
-0.00213671,-0.00406003,0,-0.00863535,0,0
-0.00185237,-0.00334239,0,-0.00841773,0,-0.00156636
-0.00190187,-0.0033425,0,-0.00841812,0,-6.56107e-05
-0.00190278,-0.00386227,0,-0.00920267,0,-5.18764e-05
-0.00190338,-0.00396226,0,-0.010053,0,-9.04837e-05
-0.00190335,-0.00374296,0,-0.00937831,0,-0.000404128
-0.00249254,-0.00587546,0,-0.0139274,0,-0.00389032
-0.00266779,-0.00634072,0,-0.0139279,0,-0.00332244
-0.00266704,-0.00651965,0,-0.0146881,0,-0.00336439
-0.00239516,-0.00603967,0,-0.0136854,0,-0.00389457
-0.00244555,-0.00540069,0,-0.011508,0,-0.00501292
-0.00217519,-0.00445986,0,-0.00969594,0,-0.00486978
-0.002903,-0.00457871,0,-0.00960472,0,-0.00388043
-0.00310395,-0.00483973,0,-0.0105015,0,-0.00362031
-0.00330314,-0.00531908,0,-0.0122728,0,-0.00291923
-0.00390109,-0.0054332,0,-0.0120083,0,-0.00392521
-0.0036318,-0.00543358,0,-0.0120088,0,-0.00582684
-0.00330905,-0.00595485,0,-0.0130142,0,-0.00598709
-0.00250903,-0.00605388,0,-0.0136444,0,-0.00624352
-0.00198923,-0.00635372,0,-0.0141021,0,-0.00589771
-0.00354167,-0.00574671,0,-0.0133243,0,-0.0103313
-0.00371464,-0.00510207,0,-0.0126728,0,-0.00851142
-0.00393358,-0.00482122,0,-0.0112754,0,-0.00659075
-0.00425385,-0.00447956,0.00217402,-0.0111197,0,-0.00617554
-0.00437393,-0.00415963,0,-0.0091132,0,-0.00654689
-0.00469439,-0.00434069,0,-0.0095297,0,-0.0069378
-0.00413286,-0.00466096,0,-0.0100541,0,-0.00818789
-0.00664668,-0.00584031,0.00255457,-0.0119187,0,-0.00964766
-0.00717292,-0.00567219,0.00244597,-0.0117471,0,-0.0102166
-0.00666214,-0.0056731,0.00190607,-0.0114867,0,-0.0105742
-0.0061323,-0.00603298,0.00193609,-0.0122281,0,-0.0108586
-0.00484928,-0.00689348,0.00178646,-0.0134718,0,-0.0111548
-0.00477108,-0.00665415,0,-0.0142991,0,-0.00892319
-0.00280115,-0.00636768,0,-0.0141031,0,-0.0101184
-0.00281026,-0.00658644,0.00167029,-0.0143829,-0.000797778,-0.0101533
-0.00379037,-0.00740623,0,-0.0161929,0,-0.00942786
-0.00359021,-0.00728685,0,-0.0161946,0,-0.00923887
-0.00344092,-0.00572586,0,-0.0145817,0,-0.00708367
-0.00397853,-0.00632814,0,-0.0155907,0,-0.00600011
-0.00439927,-0.00692811,0,-0.0167673,0,-0.0061118
-0.00435057,-0.00684727,0,-0.0166776,0,-0.00726875
-0.00435166,-0.00684938,0,-0.0163334,0,-0.00791414
-0.00401089,-0.00702739,0,-0.0170917,0,-0.00900235
-0.00391044,-0.00706798,0,-0.0170936,0,-0.00885602
-0.00425042,-0.00742837,0.00162564,-0.0180546,0,-0.0088873
-0.00434927,-0.00776815,0,-0.0186426,0,-0.00904927
-0.00451944,-0.00772752,0.00161095,-0.0185097,0,-0.00945784
-0.00570387,-0.00664418,0.00155609,-0.016616,0,-0.00736255
-0.0049829,-0.00699009,0,-0.0171154,0,-0.00783822
-0.00402372,-0.0072897,0,-0.0176165,0,-0.00801605
-0.00417376,-0.00742971,0,-0.0182488,0,-0.00819555
-0.00444431,-0.00746906,0,-0.0179858,0,-0.00824998
-0.00473434,-0.00746995,0.00190213,-0.0181626,0,-0.00821494
-0.00483535,-0.00746902,0.00184196,-0.0181604,0,-0.00822392
-0.00517401,-0.00747071,0.00166257,-0.018252,0,-0.00827595
-0.0047335,-0.00668942,0.00193234,-0.0162645,0,-0.00874185
-0.00466266,-0.00699051,0.00163274,-0.0167682,0,-0.0083785
-0.00407412,-0.00728872,0.00169229,-0.0174403,0,-0.00810312
-0.00417318,-0.0074298,0.00169255,-0.0178133,0,-0.00789881
-0.00417241,-0.00721084,0.00169259,-0.0170517,0,-0.00837851
-0.00400244,-0.00742941,0.00151244,-0.0176368,0,-0.00858792
-0.00565474,-0.00482195,0.00160711,-0.0143893,0,-0.00373396
-0.00516881,-0.00486888,0.00162343,-0.0134289,0,-0.00296386
-0.00592673,-0.00478862,0.00174364,-0.0133412,0,-0.0029254
-0.00475819,-0.00478781,0,-0.013557,0,-0.00330097
-0.0033561,-0.00338276,0.00183266,-0.0110649,0,0
-0.00305187,-0.00377772,0.00206243,-0.0112143,0,0
-0.00262794,-0.00459946,0.00230338,-0.0129843,0,0
-0.00268061,-0.00447917,0.00227283,-0.0129846,0,0
-0.00349181,-0.0044771,0.00227237,-0.012806,0,0
-0.00368236,-0.00483781,0.00215233,-0.0138102,0,-0.000747172
-0.0045883,-0.00517842,0.00266316,-0.0147049,0,-0.000845453
-0.00443883,-0.00531834,0.00197305,-0.0149448,0,-0.00120678
-0.00119195,-0.00414681,0,-0.0110238,-0.00148888,0
-0.00230088,-0.00433575,0.00151249,-0.0108565,-0.000198484,0
-0.00353199,-0.00459417,0.00168381,-0.011223,0,0
-0.00350114,-0.00473409,0.00207381,-0.0115925,0,0
-0.00355436,-0.00503578,0.00165354,-0.0122286,0,0
-0.00355259,-0.00499452,0.00156361,-0.0122256,0,0
-0.00246991,-0.00525724,0,-0.0128637,-0.000763573,9.93917e-05
-0.00266911,-0.00539663,0,-0.0131465,0,-9.62514e-05
-0.00212578,-0.00517685,0,-0.0127326,-0.00125609,-0.000461885
-0.0025691,-0.00521547,0,-0.0125108,-0.000614491,-0.000155301
-0.00414543,-0.000933727,0,-0.00222596,-0.00337783,0
-0.00387134,-0.00195335,0,-0.00336257,-0.00274953,0
-0.00252131,-0.00229285,0,-0.00408065,-0.00722925,0
-0.00226115,-0.00243399,0,-0.00401825,-0.00749214,0
-0.00237856,-0.00325278,0,-0.00591224,-0.00544325,0
-0.00308118,-0.00262979,0,-0.00368924,-0.006405,0
-0.00276196,-0.0025197,0,-0.00360545,-0.00774374,0
-0.0026912,-0.00215853,0,-0.00246889,-0.00695706,0
-0.00237167,-0.00155764,0,-0.00111574,-0.0088029,0
-0.00259118,-0.00145981,0,-0.000576472,-0.00884486,0
-0.00399027,-0.00141869,0,-0.000878703,-0.00451797,0
-0.00124774,-0.000970396,0,0,-0.00846621,0
-0.000242107,-0.000609984,0,0,-0.0105983,0
0,-0.000470841,0,0,-0.0123015,0
0,-0.000431303,0,0,-0.0127902,0
0,-0.000431345,0,0,-0.0109902,0
0,0,0,0,-0.0116126,0
0,0,0,0,-0.00838096,0
0,0,0,0,-0.00941015,0
0,0,0,0,-0.00910899,0
0,0,0,0,-0.0034163,0.00329964
0,0,0,0,-0.00422565,0.00262254
0,0,0,0,-0.00452208,0.00228058
0,0,0,0,-0.00598632,0.0022353
0,0,0,0,-0.00462545,0.00250326
0,0,0,0,-0.00511977,0.0028518
0,0,0,0,-0.000707703,0.00256344
0,0,0,0,-0.00179492,0.00296353
0,0,0,0,0,0.00636451
0,0,0,0,0,0.00581153
0,0,0,0,0,0.00590549
0,0,0,0,0,0.00628075
0,0,0,0,0,0.00632575
0,0,0,0,0,0.0059693
0,0,0,0,0,0.00537587
0,0,0,0,0,0.00605997
0,0,0,0,0,0.00663881
0,0,0,0,0,0.005212
0,0,0,0,0,0.00487308
0,0,0,0,0,0.00550147
0,0,0,0,0,0.00634892
0,-0.000784776,0,0,0,0.00567458
0,-0.000729799,0,0,0,0.00548315
0,-0.000732434,0,0,0,0.00549161
0.000355032,-0.000911386,0,0,0,0.0053978
0.000546402,-0.00121138,-0.00109488,0,0,0.00521108
0,-0.000593287,-0.00285998,0,0.00412579,0.0051945
0,-0.000724643,0,0,0,0.00470707
0,-0.000684382,0,0,0,0.00458661
0,-0.000682539,0,0,0,0.00441187
0,-0.000323617,0,0,0,0.0043475
0,0,0,0,0,0.00428849
0,0,0,0.000649888,0,0.00450306
0,0,-0.00231666,0.00313978,0.00150548,0.00440192
0,0,0,0,0,0.00364699
0,0,0,0,0,0.00327472
0,0,0,0,0,0.00224031
0,3.61874e-05,0,0,0,0.00184071
0,-7.76376e-06,0,0,0,0.001703
0,0,0,0,0,0.0014863
0,0,0,0,0,0.00119184
0,0,0,0.00039327,0,0.00120417
0,0,0,0.00156988,0,0.00164751
0,0,0,0.00167778,0,0.00180998
0,0,0,0.00167805,0,0.00186875
0,0,0,0.00229002,0.000577403,0.00197381
0,0,0,0.00148019,0,0.00190553
0,0,0,0,0,0.0021863
0,0,0,0,0,0.00231925
0,-0.000499409,0,0,0,0.00256643
0,-0.000423961,0,0,0,0.00252675
0,-0.000161133,0,0,0,0.00239719
0,-0.00020234,0,0,0,0.00262182
0,-0.000201648,0,0,0,0.00257865
0,0,0,0,0,0.00107431
0,0,0,0,0,0.00174429
0,0,0,0,0,0.00189077
0,0,0,0,0,0.00195292
0,-0.000176944,0,0,0,0.0017856
0,-0.000411554,0,0,0,0.00129884
0,-0.00103465,0,0,0,0.000510321
0,0,0,0,0.0011331,0.00177091
0,0,0,0.000638585,0.000843251,0.0022533
0,0,0,0.00356089,0.00147699,0.00162542
0,0,0,0.00438398,0,0.00150718
0,-0.00049468,0,0,0.00154363,0
0,0,0,0.00254406,0,0
0,0,0,0.00191543,0,0
0,0,0,0.00127518,0,0
0,0,0,0.00164559,0,0
0,0,0,0.00164603,0,0
0,0,0,0.00223494,0,0
0,0,0,0.00319435,0,0
0,0,0,0.00324824,0.000472473,0
0,0,0,0.00294147,0,0
0,0,0,0.00311357,0,0
0,0,0,0.00311399,0.00111596,0
0,0,0,0.00315922,0.00180158,0
0,0,0,0.00367329,0,0
0,0,0,0.00367867,0,0
0,0,0,0.00426237,0,0
0,0,0,0.0042624,0,0
0,0,0,0.00391613,0,0
0,0,0,0.00762551,0,0
0,0,0,0.00884741,0,0
0,0,0,0.00821372,0,0
0,0,0,0.00804648,0,0
0,0,0,0.0080405,0,0
0,0,0,0.00795322,0,0
0,0,0,0.00888934,0,0
0,0.000437331,0,0.0127831,0,0.00116069
0,0.000660413,0,0.0137853,0,0.000950151
0,0.00126026,0,0.0149625,0,0.000922161
0,0.0013611,0,0.0155537,0,0.00116088
0,0.00139973,0,0.0153326,0,0.00129396
0,0.00139985,0,0.0153758,0,0.00144194
0,0.00293603,0,0.0182133,4.7533e-05,0.00143205
0,0.00252041,0,0.0173649,0.00187261,0.00207262
0,0.00222146,0,0.0166033,0.00155968,0.00207756
0,0.0022611,0,0.0166026,0.000972659,0.00179132
0,0.00173987,0,0.0151176,0,0.00192764
0,0.001821,0,0.0151202,0,0.00194841
0,0.00208295,0,0.0160177,0,0.00145306
0,0.00222141,0,0.0166029,0.000338245,0.00121429
0,0.00252135,0,0.0174972,0,0.00115691
0,0.00389302,-0.00212376,0.0208274,0.00153201,0
0,0.00342761,-0.00226113,0.0186266,0.00264083,0
0,0.00336689,-0.00139119,0.0179054,0.000742164,0
0.00132609,0.000181193,0,0.00695654,0,0
0.00155425,0.000665762,0,0.00695822,0,0
0.00138549,0.00144812,0,0.00881618,0,0
0.00106488,0.00204697,0,0.0113433,0,0
0,0.00802469,0,0.0195344,0.00427245,0.00165377
0,0.00677,0,0.0183578,0.00360582,0.00193073
0,0.0059118,0,0.0167695,0.00276296,0.00241878
0,0.00584951,0,0.0160879,0.0027638,0.00218549
0.00029392,0.00528946,0,0.0148674,0.00076739,0.00226917
0,0.00536857,0,0.0148216,0.00379537,0.00210896
0,0.00536733,0,0.014863,0.00502786,0.00196938
0,0.00443069,0,0.0140867,0.00780802,0.0017384
0,0.0078542,-0.00301927,0.0197492,0.023872,0.00133813
0,0.0071163,-0.00248896,0.0191627,0.0208442,0.00154121
0,0.00335391,-0.00176478,0.0131889,0.013761,0
0,0.00446633,-0.0019058,0.0147365,0.0129157,0
0,0.00510659,-0.00208593,0.0158273,0.0116366,0
0,0.00538759,-0.0023262,0.016659,0.0119342,0
0,0.00546634,-0.00229597,0.0166559,0.0119767,0
0,0.00546737,-0.00247635,0.0165274,0.0124236,0
0,0.00494722,-0.00220624,0.0151747,0.0142839,0
0,0.00502669,-0.00160583,0.0151295,0.0149012,0
0,0.00424809,-0.00157585,0.0132356,0.0117334,0
-0.00100186,0.00475591,0,0.0159428,0.0104146,0
-0.00097588,0.00432069,0,0.0148498,0.0103542,0
-0.000215716,0.00422094,0,0.0140867,0.00902636,0
-0.000365297,0.00366145,0,0.0133027,0.00846926,0
-0.000361512,0.00374056,0,0.0136059,0.00909731,0
-0.000362591,0.00374239,0,0.0136097,0.00924532,0
-0.000630732,0.00374152,0,0.0133902,0.0104459,0
0,0.00530452,-0.00219203,0.020659,0.0111802,0
-0.000645849,0.00452099,-0.00172383,0.0188839,0.0129427,0
-0.000668454,0.0044007,-0.00163441,0.0188846,0.0134099,0
-0.000838824,0.00386053,0,0.0169871,0.0131492,0
-0.000619222,0.00322096,0,0.0158542,0.0103583,0
-0.000327063,0.00366064,0,0.0172057,0.0110032,0
0,0.00499353,-0.0019683,0.0205552,0.0105739,0
0,0.00516097,-0.00259157,0.0216897,0.0105259,0
0,0.00524253,-0.00250172,0.0216927,0.0104948,0
0,0.00488132,-0.00214223,0.0202506,0.010775,0
0,0.0040196,0,0.0183505,0.0116234,0
0,0.00378023,0,0.0173051,0.0107833,0
0,0.00318166,0,0.0159994,0.00873608,0
0,0.00344,0,0.016933,0.0090127,0
0,0.00391629,0,0.0176095,0.0106298,0
0,0.00420905,0,0.0181763,0.0111827,0
0,0.00480793,-0.00169845,0.0192641,0.0122385,0
0,0.00454854,0,0.0187203,0.0130912,0
0,0.00605633,-0.00152568,0.0207271,0.00607582,0
0,0.00563681,0,0.019829,0.00858366,0
0,0.00585749,0,0.0205505,0.00916685,0
0,0.00545752,0,0.019112,0.00682332,0
0,0.00537729,0,0.0189807,0.00719023,0
0,0.0040444,0,0.013401,0.00427943,0
0,0.00478832,0,0.0155382,0.00179685,0
0,0.00534867,0,0.017589,0.00164261,0
0,0.00577156,0,0.0179653,0.00240919,-0.000138814
0,0.00536765,0,0.0165162,0.00266547,0.000859307
0,0.00502753,0,0.0161467,0.00301413,0.00120504
0,0.00372983,0,0.0122885,0.00539878,0.00212863
0,0.00395338,0,0.0136858,0.00527569,0.00218857
0,0.00441279,0,0.0154069,0.00455081,0.00174371
0,0.00479287,0,0.0158217,0.00230497,0.00156234
0,0.00475297,0,0.0158219,0.00264709,0.0015726
0,0.00475143,0,0.0156443,0.00404412,0.00172975
0,0.00457213,0,0.0151876,0.00451529,0.00174534
0,0.000823003,0,0.00956229,0.00503024,0
0,0.00211394,0,0.0120489,0.00197741,0
0,0.00227369,0,0.0120484,0.00122217,0
0,0.00263479,0,0.0129672,0.000963052,0
0,0,0,0.00502329,0,0
0,-4.07839e-05,0,0.00742258,0,0
0,0.000380873,0,0.00741611,0,0
0,0.00142305,0,0.00964557,0.00130793,0
0,0.00198283,0,0.0117831,0.00234385,0
0,0.00266152,0,0.0128707,0.000765131,0
0,0.00239981,0,0.0123635,0.00178862,0
0,-0.000120229,0,0.00840214,0.00146075,0
0,0.000620859,0,0.00918597,0.0014569,0
0,0.000960755,0,0.00981827,0.00129644,0
0,0.000922637,0,0.00991089,0.00140233,0
0,0.000922943,0,0.00991053,0.00142511,0
0,0.000382941,0,0.00792615,0,0
0,0,0,0.00611614,0,0
0,0,0,0.00637675,0.00128484,0
0,0.000153737,0,0.00678752,0.00121859,0
0,0.000170706,0,0.00678796,0.00122446,0
0,0.000431295,0,0.00733409,0.00159245,0
0,0.000569876,0,0.00800639,0.00233498,0
0,0.000609535,0,0.00787537,0.00399422,0
0,0.000608629,0,0.00804723,0.00188995,0
0,0,0,0.00592612,0.000873172,0
0,0,0,0.00591961,0.000959772,0
0,0,0,0.00574823,0.00164278,0
0,0,0,0.00674969,0.00155929,0
0,0.000513244,0,0.00859826,0.00271295,0
0,0,0,0.00633001,0.00183658,0
0,0,0,0.00523774,0.00199158,0
0,0,0,0.00622168,0.00220535,0
0,0,0,0.00622247,0.00227121,0
0,0,0,0.00689812,0.00235447,0
0,0,0,0.00650455,0.00537783,0
0,0,0,0.00717868,0.00498427,0
0,0,0,0,0,-0.00215872
0,0,0,0,0,-0.002814
0,0,0,0,0,-0.00277228
0,0,0,0,0,-0.00307196
0,0,0,0,0,-0.0030221
0,0,0,0,0,-0.00317934
0,0,0,0,0,-0.00318775
0,0,0,0.000212208,0,-0.00240646
0,0,0,0,0,-0.00239851
0,0,0,0,0,-0.00188234
0,0,0,0,0,-0.00163442
0,0,0,0.00100397,0,0
0,0,0,0.00100697,0,0
0,0,0,0.00100666,0,0
0,0,0,0.00114149,0,0
0,0,0,0.00113922,0,0
0,0,0,0.00109684,0,0
0,0,0,0.00105041,0,0
0,0,0,0.00146229,0,0
0,0,0,0.00158644,0,0
0,0,0,0.00145447,0,0
0,0,0,0,-0.00122824,0.000601902
0,0,0,0,-0.00236094,0.000800106
0,0,0,0,-0.0014701,0.00104453
0,0,0,0,-0.00181745,0.00121914
0,0,0,0,-0.00160173,0.00116664
0.000379719,0,0,0,-0.00481305,0.00115806
0.00026741,0,0,0,-0.00412625,0.00137435
0.000532889,0,0,0,-0.00352984,0.00120822
0.00140535,0.00083712,0,0,-0.00456157,0.00639279
0.00167853,0.000906282,0,0,-0.00480087,0.00768008
0.00235617,0.00072659,0,0,-0.00666557,0.00740758
0.00336757,0.000688349,0,0,-0.00883783,0.00676332
0.00308299,0.00124287,0,0.000679494,-0.00494452,0.00746993
0.00358536,0.00162445,0,0.00165753,-0.00711291,0.00881622
0.00297564,0.00158506,0.00113036,0.0013532,-0.00465993,0.00983825
0.00336316,0.0021055,0,0.00218248,-0.0071718,0.0105414
0.00343302,0.0014846,0,0.000718931,-0.00661901,0.011263
0.00326858,0.00151336,0,0.00213702,-0.00211021,0.0108772
0.00347817,0.00185,0,0.00340047,-0.00362332,0.0101927
0.00326257,0.00192991,0,0.00366242,-0.00382923,0.0099979
0.00331159,0.00192947,0,0.00366111,-0.00382663,0.00999767
0.00330608,0.00166986,0,0.00254966,-0.00325922,0.0102697
0.00313881,0.00153051,0,0.00218124,-0.00276808,0.0104059
0.00389965,0.00149141,0,0.00226993,-0.00415618,0.0104508
0.00408947,0.00166963,0,0.00289744,-0.0050096,0.0102694
0.0041856,0.00171603,0,0.00312859,-0.00423232,0.0104323
0.00459885,0.0011042,0,0.00242996,-0.00547846,0.0119177
0.00363969,0.000968437,0,0.00216811,-0.00176819,0.0111459
0.00418032,0.0013288,0,0.00339038,-0.00466496,0.0101728
0.00373927,0.000886488,0,0.00242611,-0.00433136,0.0101642
0.00366963,0.000967028,0,0.00216495,-0.00309515,0.0101869
0.00361946,0.000967637,0,0.00190431,-0.00245597,0.0104135
0.00395835,0.000968574,0,0.00199438,-0.00293438,0.0106576
0.00530297,0.00116378,0,0.00385701,-0.00691105,0.0101019
0.00473353,0.000773805,0,0.00342109,-0.00514523,0.0107787
0.0049021,0.000436299,0,0.00318608,-0.00355737,0.010566
0.0046837,0.000833949,0,0.00413994,-0.00427765,0.00928556
0.00490278,-0.000125273,0,0.0024849,-0.00639486,0.00909644
0.00436477,0.000265946,0,0.00577431,0,0.00872495
0.0036769,0,0,0.00499085,0,0.00965249
0.00497067,0.00057941,0,0.00645429,0,0.00890454
0.00612721,0.000179546,0,0.00553971,-0.00173695,0.00956561
0.00563685,0,0,0.00440789,0,0.00986358
0.003599,0,0,0.0102289,0.00859454,0.00993418
0.00327824,0.000292831,0,0.0113175,0.00832179,0.00915927
0.00307673,0.000263401,0,0.0120161,0.00772156,0.00859728
0.0032485,2.34578e-06,0,0.0115125,0.00837706,0.00849123
0.00410683,0.000224521,0,0.0123251,0.00932953,0.00807238
0.0039574,0.000785061,0,0.0135026,0.00960925,0.00881876
0.00328657,0,0,0.013971,0.0183247,0.00564337
0.00358143,0,0,0.015058,0.0167937,0.00573381
0.00309159,0,0,0.0139702,0.0180887,0.00652742
0.00302232,0,0,0.0143408,0.0192171,0.00650828
0.00296927,0,0,0.0143413,0.0195614,0.00654085
0.00314039,0,0,0.0151071,0.0189624,0.00663863
0.00373002,0,0,0.0155688,0.0171498,0.00691412
0.00379881,0,0,0.0155672,0.0170571,0.00708165
0.00476574,0,0,0.0106315,0.00315762,0.00253843
0.00476583,0,0,0.0105012,0.00626505,0.00292076
0.00481705,0,0,0.0105013,0.00646333,0.0028248
0.00447834,0,0,0.0108264,0.00759793,0.00229486
0.00410991,0,0,0.0103232,0.00835514,0.00264402
0.00381906,0,0,0.0113283,0.00978509,0.00265422
0.0053636,0,0,0.00853558,-0.00165917,0.00189683
0.00488926,0,0,0.00877458,0.000544599,0.00156649
0.00484038,0,0,0.00877679,0.000600242,0.00145119
0.00450014,0,0,0.00877254,0.00123594,0.00166091
0.00413025,0,0,0.00901456,0.00206913,0.0021733
0.00417936,0,0,0.0100174,0.00275437,0.00229202
0.00471924,0,0,0.0112413,0.00136214,0.00242431
0.00529885,0.000226416,0,0.011484,0,0.00250784
0.00542967,0,0,0.00747355,0.00330574,0
0.00510289,0,0,0.00801961,0.00448838,0
0.00446406,0,0,0.00832534,0.00444264,0
0.00456406,0,0,0.00858565,0.00577093,0
0.00456344,0,0,0.00858589,0.00555352,0
0.00453725,0,0,0.0129704,0.0127966,-0.000420179
0.00479994,0,0,0.0125595,0.010713,0.000741549
0.00492011,0,0,0.0128857,0.0103309,0.000637167
0.00631926,0,0,0.0117093,0.00725045,0.00076598
0.00534414,0,0,0.0131226,0.00873349,0.00214382
0.00647879,0,0,0.0123591,0.00672342,0.00181996
0.00588856,0,0,0.0116413,0.00768875,0.00149192
0.00470698,0,0,0.0106404,0.00776214,0.00159124
0.00454776,0,0,0.00797559,0.00656428,0
0.00444323,0,0,0.00798114,0.00677515,0
0.00478315,0,0,0.00819738,0.00867927,0
0.00524352,0,0,0.0059699,0.00502829,0
0.00636587,0,0,0.00638342,0.000184023,0
0.00671712,0,0,0.005422,0.000305585,0
0.0062049,0,0,0.00478919,0.00204502,0
0.00551541,0,0,0.00485783,0.00130507,0
0.00561556,0,0,0.00485405,0.00119578,0
0.00416039,0,0,0.00599428,0.00166934,0
0.00528068,0,0,0.00484165,0.000178314,0
0.00660791,0,0,0.00396454,0,0
0.00759926,0,0,0.00545556,0,0
0.0080189,0,0,0.00192281,0,0
0.00800486,0,0,0.00372944,0,0
0.00665577,0,0,0.00304719,0,0
0.0060525,0,0,0.00363464,0.000819285,0
0.00704485,0,0,0.00519051,0,0
0.00749403,0,0,0.00499602,0,0
0.0082335,0,0,0.00554023,0,0
0.00762426,0,0,0.00403433,0,0
0.00584905,0,0,0.00322879,0,0
0.00623956,0,0,0.00398829,0.000286718,0
0.00801607,0,0,0.000828183,0,0
0.00650108,0,0,0.000566063,0,0
0.00534085,0,0,0.00181173,0,0
0.00611476,0,0,0.00179991,0,0
0.00629929,0,0,0.00179585,0,0
0.00578893,0,0,0.00186443,0.000211668,0
0.00509809,0,0,0.00186058,0.00171816,0
0.00553792,0,0,0.00288935,0,0
0.00282158,0,0,0.00535513,0.00132434,0
0.00317474,0,0,0.00537472,0.0017611,0
0.00204378,0,0,0.00365255,0.00410591,0
0.00105313,0,0,0.00385071,0.00763,0
0.00043435,0,0,0.00476095,0.00725568,0
0,0,0,0.00140328,0.00324563,0
0,0,0,0.0013172,0.00424746,0
0,0,0,0.00136184,0.00435086,0
0,0,0,0.00135893,0.0049933,0
0,0,0,0.000307145,0.00213778,0
0,0,0,0.000135163,0.00315958,0
0,0,0,8.8391e-05,0.0021906,0
0,0,0,0,0.00178071,0
0,0,0,0,0.00181312,0
0,0,0,0.000219818,0.00181211,0
0,0,0,0,0.00100716,0
0,0,0,0,-0.00202527,0
0,0,0,0,-0.00137895,0
0,0,0,0,-0.00306943,0
0,0,0,0,-0.00283945,0
0,0,0.00162627,0,-0.00184774,0
0,0,0.00165507,0,-0.00201888,0
0,0,0,0,-0.00304673,0
0,0,0.00165464,0,-0.00353046,0
0,0,0,0,-0.00422575,0
0,0,0.00153459,0,-0.00480003,0
0,0,0.00168511,0,-0.00359861,0
0,0,0.00225452,0,-0.00495883,0
0,0,0.00186494,0,-0.00506652,0
0,0,0.00445582,0,-0.0104573,0
0,0,0.00526121,0,-0.0105601,0
0,0,0.0052308,0,-0.010762,0
0,0,0.00469094,0,-0.0122346,0
0,0,0.00550069,0,-0.0118936,0
0,0,0.00586041,0,-0.011695,0
0,0,0.0050636,0,-0.010081,0
0,0,0.00559179,0,-0.0113558,0
0,0,0.00547205,0,-0.0113195,0
0,0,0.00511152,0,-0.0118674,0
0,0,0.00493189,0,-0.0119596,0
0,0,0.004624,0,-0.0102574,0
0,0,0.0044256,0,-0.00974281,0
0,0,0.00418541,0,-0.0109899,0
0,0,0.00433548,0,-0.0113,0
0,0,0.00472543,0,-0.0101011,0
0,0,0.00558602,0,-0.0109496,0
0,0,0.0059958,0,-0.00873424,0
0,0,0.00584604,0,-0.0089809,0
0,0,0.00563651,0,-0.00893465,0
0,0,0.0057865,0,-0.0092596,0
0,0,0.00545629,0,-0.0104888,0
0,0,0.00587604,0,-0.0106384,0
0,0,0.00596592,0,-0.0107228,0
0,0,0.0062056,0,-0.0108116,0
0,0,0.00608608,0,-0.0118978,0
0,0,0.00611596,0,-0.0114218,0
0,0,0.00575574,0,-0.0125435,0
0,0,0.0060556,0,-0.012714,0
0,0,0.00611566,0,-0.0123356,0
0,0,0.0058757,0,-0.0128647,0
0,0,0.00520196,0,-0.0158432,0
0,0,0.00590426,0,-0.0136876,0
0,0,0.00605442,0,-0.0132713,0
0,0,0.00569418,0,-0.0132368,0
0,0,0.00506448,0,-0.0140207,0
0.000131542,0,0.00570489,0,-0.014495,0
2.3887e-05,0,0.00530204,0,-0.0167102,0
0,0,0.00527208,0,-0.0156253,0
0,0,0.00542285,0,-0.0172629,0
0,0,0.00575228,0,-0.0157832,0
0,0,0.00584236,0,-0.0154946,0
0.000194757,0,0.00596207,0,-0.0156933,0
0.000243537,0,0.00617233,0,-0.0148922,0
7.44968e-05,0,0.00614232,0,-0.0146344,0
4.7377e-05,0,0.00573652,0,-0.0169785,0
4.09955e-05,0,0.00580393,0,-0.0166006,0
0,0,0.00544419,0,-0.0160044,0
0,0,0.00550361,0,-0.0161007,0
0,0,0.00568382,0,-0.015232,0
0,0,0.0052656,0,-0.0125561,0
0,0,0.00570906,0,-0.014231,0
0,0,0.00585869,0,-0.0144639,0
0,0,0.00573853,0,-0.014213,0
0,0,0.00540856,0,-0.0145086,0
0,0,0.00528059,0,-0.0121353,0
0,0,0.00588734,0,-0.0122647,0
0,0,0.00531726,0,-0.0130437,0
0,0,0.00543755,0,-0.0129067,0
0,0,0.00579743,0,-0.0113158,0
0,0,0.00573755,0,-0.0120859,0
0,0,0.00465781,0,-0.0129036,0
0,0,0.00519746,0,-0.0128004,0
0,0,0.00564756,0,-0.012257,0
0,0,0.00546739,0,-0.0129482,0
0,0,0.00579774,0,-0.0123755,0
0,0,0.00463688,0,-0.0101596,0
0,0,0.00472105,0,-0.011431,0
0,0,0.00382164,0,-0.0121191,0
0,0,0.00361149,0,-0.0123667,0
0,0,0.00373169,0,-0.0124076,0
0.00076323,0,0.0035549,0,-0.0130106,0.000432644
0.000457054,0,0.00286938,0,-0.0141866,0.00148444
0.00174479,0,0,0,-0.012757,0
0.00149698,0,0,0,-0.0135643,0
0.000957104,0,0,0,-0.0118612,0
0.000886954,0,0,0,-0.0109276,0
0.000837519,0,0,0,-0.0106196,0
0.000666736,0,0,0,-0.00928849,0
0.000888267,0,0,0,-0.0102727,0.000358455
0.00124108,0,0,0,-0.0102159,0
0.00135856,0,0,0,-0.011123,0
0.0011875,0,0.00157189,0,-0.0107209,2.71477e-05
0.000867834,0,0.00223817,0,-0.00922931,0.000816586
0.000747221,0,0.00163793,0,-0.00912728,0.00128256
0,0,0,0.0019259,0,0
8.47169e-05,0,0,0.0016175,0,0
0,0,0,0.00271043,0.00229565,0
0,0,0,0.0037557,0.000336924,0
0,0,0,0.00475801,0.00314464,0.000631638
0,0,0,0.00475755,0.00267488,0.000480355
0,2.09409e-05,0,0.00525896,0.0048549,0.0012761
0,3.66134e-05,0,0.00591441,0.00511604,0.00246907
0,3.75911e-05,0,0.00626499,0.00538835,0.00251262
0,0,0,0.00589497,0.00577035,0.00247123
0.000200952,0,0,0.00591,0.00630954,0.00210998
0,0,0,0.00604329,0.00822498,0.00102157
0,0,0,0.00617396,0.00888394,0.000768556
0,0.000646507,-0.0016096,0.0107697,0.0164262,0.00612457
0,0.000780021,-0.00245075,0.0107661,0.017373,0.00531914
0,0.000959528,-0.00245106,0.0114834,0.0180573,0.00517808
0,0.000742107,-0.00263124,0.011249,0.0163938,0.0053873
0,0.00078091,-0.00236129,0.0112905,0.0183989,0.00527585
0,0.00408551,0,0.0122826,0.0177038,0.00984012
0,0.00375777,0,0.0125244,0.0168396,0.0117492
0,0.00353705,0,0.0121083,0.0167326,0.0120455
0,0.00321734,0,0.0105823,0.0168756,0.0125391
0,0.00313561,0,0.0105355,0.0164947,0.0119517
0,0.00801081,0,0.0166411,0.00643373,0.00178018
0,0.00883545,0,0.016622,0.00358251,0.00272775
0,0.00887434,0,0.0166194,0.00363833,0.0025463
0,0.00913347,0,0.0175122,0.00228719,0.0018768
0,0.00909257,0,0.0175529,0.00411844,0.00202318
0,0.00909385,0,0.0174687,0.0087297,0.00277342
0,0.00927401,0,0.0184947,0.00890218,0.00437689
0,0.00931163,0,0.0183154,0.0100316,0.00522476
0,0.00949321,0,0.0190821,0.00973833,0.00626971
0,0.00953385,0,0.0192136,0.00942246,0.00662891
0,0.00953326,0,0.0192121,0.00947075,0.00675132
0.00064441,0.000927362,0,0.00563748,0.00436639,0.00913409
0.000903339,0.00261013,0,0.00716062,0.00716227,0.00845311
0.00100388,0.00268856,0,0.00715799,0.00764649,0.0086655
0.00117393,0.00250925,0,0.00661437,0.0083556,0.00951363
0.00149454,0.00246707,0,0.00669704,0.00841098,0.00979096
0.00137528,0.00168937,0,0.0040841,0.0101512,0.00687431
0.00135681,0.00125563,0,0.00349375,0.00944613,0.00776878
0.00101641,0.0011162,0,0.00268824,0.00990087,0.0079818
0.000645007,0.000815086,0,0.00218418,0.0113569,0.00779493
0.000696704,0.0008568,0,0.0021886,0.0111216,0.00775291
0,0.00376936,0,0.00244207,0.0029561,0.00983835
0,0.00314184,0,0.00194201,0.00399594,0.0103176
-0.000111925,0.00258321,0,0.00067966,0.00358716,0.0103036
3.91327e-05,0.00230126,0,0,0.00349274,0.00995342
3.75193e-05,0.00222158,0,0,0.00401452,0.00948742
3.79576e-05,0.00221978,0,0,0.00392088,0.00935645
0,0.0022221,0,0,0.00502563,0.00918186
3.76313e-05,0.00258131,0,0.000850042,0.00407781,0.00896045
0,0.00292093,0,0.00130739,0.0055923,0.00940198
0,0.00323971,0,0.00204536,0.00595894,0.0101645
0,0.0035813,0,0.00250693,0.00701841,0.0105011
0,0.00372033,0,0.00265767,0.00603774,0.010969
0,0.002852,0,0,0.00683403,0.00891392
0,0.00245133,0,0,0.00564625,0.00870822
0,0.00155212,0,0,0.00479222,0.0081918
0,0.00167178,0,0,0.00327659,0.00619088
0,0.0016744,0,0,0.00217247,0.00570228
0,0.00149266,0,0,0.00305711,0.00556464
0,0,0,0,0.00211583,0.00143981
0,0,0,0,0.00344858,0.00249459
0,0,0,0,0.00373774,0.00214697
0,0,0,0,0.0038568,0.00350758
0,0,0,0,0.000360899,0.00313475
0,0,0,0,0,0.00276272
0.000388634,0,0,0,0,0.001744
0,0,0,-0.00100314,0,0
0,0,0,-0.00178859,0,0
0.000566429,0,0,-0.00270299,0,0
0.000887367,0,0,-0.00278883,0,0
0.000666879,0,0,-0.00187051,0,0
0,0,0,-0.00171943,0,0
0,0,0,-0.00172211,0,0
0,0,0,-0.00135523,0,0
0,0,0,-0.00110744,0,0
0,0,0,-0.0011096,0,0
0,0,0,-0.00110629,0,0
0,0,0,0,0.00119333,0
0,0,0,0,0.00101739,0
0,0,0,0,0.00114819,0
0,0,0,0,0.00135019,0
0,0,0,0,0.0018946,0
0,0,0,0,0.00142967,0
0,0,0,0,0.00282591,0
0,0,0,0,0.00314504,0
0,0,0,0,0.0028088,0
-0.00112162,0.00457907,0,0.00150955,0.0161421,0.00464323
-0.000798281,0.00409853,0,0.00151096,0.0139026,0.00559045
-0.00133911,0.00461772,0,0.00259941,0.0150034,0.00564613
-0.00140812,0.00471989,0,0.00262702,0.0160914,0.00632949
-0.00118721,0.00501896,0,0.00308236,0.0162355,0.00676951
-0.00123854,0.00497853,0,0.00294963,0.0158836,0.00790185
-0.00333794,0.00460785,0,0.000713745,0.0148632,0.00693765
-0.00192751,0.00448494,0,0.000387068,0.0130317,0.00612077
-0.00162892,0.00418469,0,0,0.011995,0.00612567
-0.00179932,0.00386402,0,0,0.0121882,0.00701204
-0.00292903,0.00378518,0,0,0.0141178,0.00727873
-0.00289962,0.00414378,0,0,0.0136795,0.00751969
-0.00294708,0.00474665,0,0.000324317,0.0140191,0.00755249
-0.00243755,0.00484344,0,0.000992501,0.0126423,0.00776543
-0.00229121,0.00488498,0,0.00099665,0.0123226,0.00773227
-0.00262705,0.00524386,0,0.0020413,0.013401,0.00755473
-0.00273121,0.0050641,0,0.00140962,0.0128776,0.00800995
-0.00306741,0.00492313,0,0.000644006,0.0142097,0.00849328
-0.00370706,0.00488171,0,0.00064169,0.0155683,0.00815144
-0.00320263,0.00407228,0,0,0.0122859,0.00580765
-0.00200266,0.00415338,0,0,0.00794783,0.00628419
-0.00220393,0.00411302,0,0,0.00854411,0.00630838
-0.00247509,0.00437341,0,0,0.00954645,0.0065807
-0.00310418,0.00451303,0,0,0.010843,0.00716179
-0.00424454,0.00461792,0,0,0.00823029,0.00800142
-0.00440889,0.00424829,0,0,0.00966531,0.00846298
-0.00423947,0.0039084,0,0,0.00919559,0.00794323
-0.00377865,0.00358662,0,0,0.00912662,0.0073204
-0.00200969,0.00324692,0,0,0.00516858,0.00713223
-0.00213785,0.00310856,0,0,0.00536607,0.00738817
-0.00290031,0.00306757,0,0,0.00608055,0.00761326
-0.00343035,0.00342846,0,0,0.00729026,0.00781858
-0.00362836,0.00350573,0,0,0.0076233,0.00779642
-0.00413918,0.00386661,0,0,0.00839601,0.00808952
-0.00401895,0.00446919,0,0,0.0093469,0.0082361
-0.00406864,0.00456838,0,0,0.009855,0.00858872
-0.00325664,0.00486589,0,0,0.00873859,0.0086015
-0.00353374,0.00355597,0,0,0.00567767,0.00740854
-0.00518805,0.00275159,0,0,0.00955175,0.00846152
-0.00488827,0.00283037,0,0,0.00876908,0.00867461
-0.00461767,0.00360904,0,0,0.00877299,0.00830482
-0.00549629,0.00455205,0,0,0.0120559,0.0115017
-0.00384719,0.00426685,0,0,0.00873064,0.0107582
-0.00368719,0.00452574,0,0,0.00866341,0.0101755
-0.00408053,0.00456899,0,0,0.00944408,0.0103687
-0.00397985,0.00456814,0,0,0.00928262,0.0103952
-0.00505997,0.0048273,0,0,0.0112187,0.0104229
-0.00571045,0.00496739,0,0,0.0121284,0.0105237
-0.00628043,0.00239478,0,0,0.0116233,0.00719586
-0.00537103,0.00261803,0,0,0.0101428,0.00674448
-0.00458058,0.00257585,0,0,0.0111194,0.00640254
-0.00382816,0.00293711,0,0,0.00858399,0.00526527
-0.00355657,0.00332498,0,0,0.00588624,0.00408236
-0.00441222,0.00291748,0,0,0.00728037,0.00480968
-0.00466283,0.00283819,0,0,0.00754023,0.00463167
-0.00517277,0.0024759,0,0,0.00790667,0.00507165
-0.00532262,0.00265552,0,0,0.00740178,0.00436334
-0.00328386,0.0017035,0,0,0,-0.000350258
-0.00268343,0.00150104,0,0,0,0.000408805
-0.00251307,0.00168264,0,0,0,0
-0.00300595,0.0022419,0,0.000150866,0,0
-0.00375528,0.00198226,0,0,0.00253355,0
-0.0045457,0.00246219,0,0.000870916,0.00242309,0
-0.00444368,0.00274103,0,0.00182704,0.0027178,0
-0.00309276,0.00256014,0,0.00171696,0,4.28989e-05
-0.00249068,0,0,0,0,0
-0.00116195,0,0,0,0,0
-0.0018715,0,0,0,0,0
-0.00202066,0,0,0,0,0
-0.00217739,0.00293921,-0.00208138,0.00579155,0,0
-0.00222314,0.00353228,-0.00187788,0.00687751,0,0
-0.00290441,0.0034538,-0.00181842,0.00653189,0,0
-0.00337417,0.00423177,-0.00217803,0.00833709,0,0
-0.00315476,0.00411307,-0.0019081,0.00833991,0,0
0,0,-0.00313024,0,0,0
0,0,-0.00252032,0.00011926,0,0
0,0,-0.00267042,0.000119874,0,0
0,0,-0.00267088,0.000270771,0,0
0,0,-0.0024307,0.000811338,0,0
0,0,-0.00201417,0,0,0
0,0,-0.0025534,0,0,0
0,0,-0.00231367,0,0,0
0,0,-0.00201388,0,0,0
0,0.000323234,0,0.00128437,0,0
0,0.000283048,-0.00156393,0.00106537,0,0
-0.000106493,0.00161827,0,0.00324223,0,0
-0.00081968,0.00260067,0,0.00453293,0,0
-0.000668563,0.00283767,0,0.00574644,0,0
-0.000939399,0.00239739,0,0.00474393,0,0
-0.000376794,0.00175505,0,0.0025134,0,0
-0.000224605,0.000815692,0,0.00131644,0,0
-0.000225987,0.00093549,0,0.00131636,0,0
-0.0010017,0,0,0,0,0
0,0.00100186,0,0.00247037,0,0
0,0.000561654,0,0.00146593,0,0
-0.00159341,-3.93899e-05,0,0.000417418,0,0
0,0,-0.00185017,0,0,0
0,0.00166786,0,0.00397491,0,0
-0.000258218,0.000988686,0,0.00179279,0,0
-0.00111741,0.000472853,0,0.00029771,0,0
-0.00111471,0.00073302,0,0.00071215,0,0
-0.00116445,0.000692772,0,0.000755358,0,0
-0.0011651,0.000692973,0,0.000755781,0,0
-0.00116512,0.000693721,0,0.000714378,0,0
-0.00116576,0.000430271,0,0.000118391,0,0
-0.00143756,0.000472718,0,3.65428e-05,0,0
-0.00121519,0.000210556,0,0,0,0
-0.00106164,0.00076675,0,0.0018394,0,0
-0.00224495,0.00122796,0,0.00304071,-0.000227491,0
-0.00204343,0.00134892,0,0.00304241,0.000282029,0
-0.00258284,0.00152898,0,0.00345719,0,0
-0.00265406,0.00208908,0,0.00441672,0,0
-0.00216211,0.00200827,0,0.00432731,0,0
-0.00158219,0.0014901,0,0.00367721,0,0
-3.29974e-05,0.00102758,0,0.00194815,0,0
-0.00096452,0.000651646,0,0.00154289,0,0
-0.00116359,0.000689946,0,0.00153996,0,0
-0.00184474,0.000687899,0,0.00110024,0,0
-0.00258277,0.000506693,0,0.00107428,0,0
-0.000831661,0.000366529,0,0.00156295,0,0
-0.00072999,0.00122825,0,0.00294013,0,0
-0.000729612,0.00110699,0,0.0029373,0,0
-0.000559595,0.00162752,0,0.00398551,0,0
-0.000509478,0.00136691,0,0.00317731,0,0
0,0,-0.00165169,0,0,0
-0.000130602,0.000204029,0,0.00129117,0,0
-0.00041561,0.00122005,0,0.00216843,0,0
0,0.000703157,0,0.00151491,0,0
-0.000192491,0.000362519,0,0.00109918,0,0
-0.000142739,0.000402225,0,0.00109794,0,0
0,0.000583314,0,0.00120988,0,0
0,0.00114265,0,0.00225526,0,0
-0.000164397,0.00248353,0,0.00494966,0,0
-0.000713065,0.00123892,0,0.00250672,0,0
-0.00112247,0.000937887,0,0.00152242,0,0
-0.00127264,0.000819668,0,0.00152645,0,0
0,0.00026848,0,0.00213529,0,0
0,0.000403048,0,0.00311039,0,0
0,0.00108435,0,0.00455216,0,0
0,0.00124521,0,0.00455329,0,0
0,0,0,0,-0.00369237,0
0,0,0,0,-0.00237218,0
0,0.000818215,0,0.00156361,0,0
0,0,0,0,0.0002088,0.00643923
0,0,0,0,-0.00216353,0.00367036
0,0,0,0,-0.00590557,0.00108859
0,0,0,0,-0.00405199,0.00107991
0,0,0,0,-0.00310503,0.000842871
0,0,0,0,-0.00326575,0.00082511
0,0,0,0,-0.00184989,0.00474915
0,0,0,0,-0.00241105,0.00344468
0,0,0,0,-0.00310721,0.00290552
0,0,0,0,-0.00233797,0.00264032
0,0,0,0,-0.00216898,0.00255859
0,0,0,0,-0.00316846,0.00218126
0,0,0,0,-0.00255651,0
0,0,0,0,-0.00255066,0
0,0,0,0,-0.00260296,0
0,0,0,0,-0.00195966,0
0,0,0,0,-0.00267249,0
0,0,0,0,-0.00104478,0
0,0,0,0,-0.00105205,0
0,0,0,0,-0.00273101,0
0,0,0,0,-0.00136231,0
0,0,0,0,0,0.00105629
0,0,0,0,0,0.00129533
0,0,0,0,0,0.00210466
0,0,0,0,0,0.00198266
0,0,0,0,0,0.00228601
0,0.000125287,0,0,0,0.00247275
0,0.00065867,0,0,0,0.00272065
0,0.000759183,0,0,0,0.00292635
0,0.00105672,0,0.000315977,0,0.00334194
0,0.00119718,0,0.000643288,0,0.0034151
0,0.00123557,0,0.00064012,0,0.00344843
0.000880136,0,0,0,0,0.0039524
0.0012458,0.000467241,0,0,0,0.00337733
0.00214808,0.00159658,0,0.00236633,0,0.00290103
0.00239907,0.00139716,0,0.00236812,0,0.00275289
0.0022282,0.00243551,-0.00170271,0.00454515,0,0.00286461
0.00159101,0.00275337,0,0.00354587,0,0.00414131
0.00169979,0.00337934,0,0.00450489,0,0.00391905
0.00142759,0.00311912,0,0.00365375,0,0.00455416
0.00147867,0.00229895,0,0.00180008,0,0.00499196
0.00147845,0.00241852,0,0.00179876,0,0.00512832
0.00147863,0.0016394,0,0.00016531,0,0.0055676
0,0.00346945,0,0.000967973,0,0.00681692
0,0.00359223,0,0.000471973,0,0.00645942
0,0.00345177,0,0.000275655,0,0.00616642
0,0.00340929,0,0.000183358,0.00132076,0.00613834
0,0.00341064,0,0.000186332,0,0.00622583
0,0.00367125,0,0.000819213,0,0.00623591
0,0.00380988,0,0.00118621,0,0.00649451
0,0.0038508,0,0.000839855,0,0.00666189
0,0.00402938,0,0.001425,0,0.00659895
0,0.00407269,0,0.0014321,0,0.006618
0,0.00407023,0,0.00173198,0,0.00656596
0,0.00381265,0,0.00110524,0,0.00661632
0,0.00367202,0,0.000646735,0,0.00663693
0,0.00166603,0,0,0,0.00576467
0.000282423,0.00251006,0,0.000609274,0,0.00457369
0.000674052,0.00288735,0,0.000537698,0,0.00444983
0.000182863,0.00266865,0,3.85074e-05,0,0.00449357
0,0.0023692,0,0,0,0.00441143
0,0.00240876,0,0,0,0.00397724
0,0.00240891,0,0,0,0.00401204
0.000321125,0,0,0,0,0.00247517
0,0,0,0,0,0.0032322
0,0,0,0,0,0.0042683
0,0.000725411,0,0,0,0.00375378
0,0,0,-0.000776457,0,0.00168913
0,0,0,-0.000342091,0,0.00158459
0,0,0,0,0,0.00151572
0,0,0,0,0,0.00145162
0,0,0,0,0,0.00122652
0,0,0,0,0,0.00126847
0.000359558,0,0,0,0,0.00109689
0.000191625,0,0,0,0,0.00103764
0,0,0,0,0,0.00148425
0,0,0,0,0,0.00141273
0,0,0,0,0,0.00134992
0,0,0,0,0,0.00142317
0.000190454,0,0,0,0,0.00211928
0,0.000130715,0,0,0,0.00363489
0,0,0,0,0,0.0042618
0,0.000163823,0,0,0,0.00379981
0,0.000164222,0,0,0,0.00379794
0,0,0,0,0,0.00420601
0,0.000266795,0,0,0,0.00614258
0,2.79933e-05,0,0,0,0.00580977
0,0.000247656,0,0,0,0.00490264
7.10871e-06,0.000289832,0,0,0,0.00484321
0,0.00028959,0,0,0,0.00479112
0,0,0,0,0,0.00527294
0,0,0,0,0,0.00411671
8.52292e-05,0,0,0,0,0.0039664
0,0,0,0,0,0.00437834
0,0,0,0,0,0.00429458
0,5.26692e-05,0,0,0,0.00451244
0,0,0,0,0,0.0047343
0,0,0,0,0,0.0049769
0,0,0,0,0,0.00459845
0,0.000185395,0,0,0,0.00531562
0,0,0,0,0,0.00539809
0,0,0,0,0,0.00524257
0,0.000207407,0,0,0,0.00478213
0,0.000125954,0,0,0,0.00593439
0,0,0,-6.30705e-05,0,0.00520538
0,0.000108372,0,0,-0.00073431,0.00375751
0.000529502,0.000288828,0,0,-0.00200457,0.00379585
0,0.000587436,0,0,0,0.00426356
0,0,0,-0.00419615,0,0.00340265
0,0,0,-0.00326105,0,0.00152373
0.000142843,0,0,-0.00256005,-0.0010264,0.00112775
5.25875e-05,0.000291215,0,-0.000924427,0,0.00129341
0,-2.59514e-05,0,-0.00212415,0,0.00274482
0,0,0,-0.00393279,-0.00155255,0.00398428
0,0,0,-0.00425812,-0.00263145,0.00360332
0,0,0,-0.00521868,-0.00122298,0.00309378
0,0,0,-0.00552443,-0.00243359,0.00243628
0,0.000303473,0,-0.00253212,-0.00179225,0
0,0,0,-0.0033668,-0.00243449,0
0,0,0,-0.00375469,-0.00182816,0
0,0,0,-0.00371051,-0.00324232,0
0,0.00086555,0,0,-0.00986981,0
0,0.000789343,0,0,-0.00810772,0
0,0.000526512,0,0,-0.00927494,0
0,0.000388436,0,0,-0.0104664,0
0,0.000348268,0,0,-0.0106053,0
0,0,0,-0.000113569,-0.00762295,0.000421533
0,0,0,-0.000244233,-0.0057171,0.00111053
0,0,0,-0.000245396,-0.00590447,0.00120661
0,0,0,-0.000942859,-0.00527744,0.00117157
0,0,0,-0.000748943,-0.00683104,0.000524308
0,0,0,-0.00199778,1.81008e-05,0
0,0.000628691,0,0,-0.00150409,0
0,0.001471,0,0,9.46129e-05,0
0,0.00170952,0,0,-0.00176406,0
0,0.00178996,0,0,-0.00215622,0
0,0.00214876,0,0,-0.00257147,0
0,0.00196851,0,0,-0.000235998,0
0,0,0,-0.0162793,-0.000469049,0
0,0,0,-0.0153854,-0.00182198,0
0,0,0,-0.0146649,0,0
0,0,0,-0.0144919,0,0
0,0,0,-0.0144183,0,0
0,0,0,-0.0147919,0,0
0,0,0,-0.0147933,0,0
0,0,0,-0.0155103,0,0
0,0,0,-0.0183255,-0.00257438,0
0,0,0,-0.0176085,-0.0032775,0
0,0,0,-0.017565,-0.0026135,0
0,0,0,-0.0167106,-0.00375944,0
0,0,0,-0.0167096,-0.00354628,0
0,0,0,-0.0147544,-0.010427,-0.00322483
0,0,0,-0.014489,-0.00924322,-0.00408414
0,0,0,-0.0147957,-0.010151,-0.00399701
0,0,0,-0.0147937,-0.00999999,-0.00397081
0,0,0,-0.0136851,-0.0118932,-0.00408249
0,0,0,-0.0133359,-0.0107817,-0.00405788
0,0,0,-0.0136189,-0.0106206,-0.00388516
0,0.00023624,0,-0.0101303,-0.016228,-0.0121325
0,-0.000418968,0,-0.0101548,-0.0185825,-0.0109875
0,-0.00019816,0,-0.00956429,-0.0187241,-0.0119471
0,-0.000158696,0,-0.00917301,-0.0195859,-0.0121109
0,-0.000158215,0,-0.00899781,-0.0201225,-0.012713
0,-0.000925698,0,-0.0111136,-0.0157588,-0.0174147
0,-0.000808994,0,-0.0111611,-0.0182879,-0.0185595
0,-0.000810415,0,-0.0112506,-0.0161719,-0.0185332
0,-0.000808805,0,-0.0117698,-0.0173184,-0.0183154
0,-0.000547859,0,-0.0107874,-0.0159157,-0.0182875
0,-0.000587048,0,-0.0107848,-0.0161815,-0.0182719
0,-0.000847141,0,-0.0115921,-0.0149395,-0.0178811
0,-0.00367204,-0.00244753,-0.00776381,0,-0.0185105
0,-0.00482896,-0.00268364,-0.00828771,0,-0.0184102
0,-0.00528859,-0.00349325,-0.00913701,0,-0.0182792
0,-0.00567166,-0.0038531,-0.00951399,0,-0.0185392
0,0,0,0,-0.00121513,-0.00252951
0,0,0,0,0,-0.00463531
0,0,0,0,0.000715446,-0.00261877
0,0,0,0,0.00197175,-0.00156331
0,0,0,0,0.00363245,-0.000918257
0,0,0,0,0,-0.00196877
0,0,0,0,0,-0.00189424
0,0,0,0,0,-0.00194848
0,0,0,0,0,-0.0020529
0,0,0,0,0,-0.00203565
0,0,0,0,0,-0.00144175
0,0,0,0,0,-0.00172081
0,0,0,0,0,-0.00160745
0,0,0,0,0,-0.0013283
0,-0.00132401,0,0,0,-0.00137692
0,-0.000108459,0,0,0,-0.00145272
0,-0.000147243,0,0,0,-0.00138514
0,-0.000147373,0,0,0,-0.00140221
0,0,0,0,0,-0.00162188
0,-0.000148428,0,0,0,-0.00133406
0,-0.000146906,0,0,0,-0.00127147
0,-0.000147407,0,0,0,-0.00123638
0,0,0,0,0,-0.00129046
0,0,0,0,0,-0.00117533
0,0,0,0,0,-0.00107391
0,0,0,0,0.00126778,0
0,0,0,0,0.00108105,0
0,0.000812306,0,0.00655951,0,0
0,0.00127995,0,0.00710336,0,0
0,0.00142083,0,0.00751993,0,0
0,0.00172286,0,0.00811229,0,0
0,0.00168093,0,0.00810768,0,0
0,0.00219875,0,0.00875826,0,0
0,0.0024792,0,0.00989277,0,0
0.00114658,0.00274302,0,0.0102422,0,0
0.000657873,0.00307354,0,0.011678,0,0
0.000638234,0.00367457,0,0.0125964,0.00131528,0
0.000590064,0.00359545,0,0.0125996,0.00156605,0
0.000421625,0.00437229,-0.00138866,0.0143155,0.00208107,0.000359243
0.000907897,0.00479366,-0.00193977,0.0157788,0.00142526,0.000571573
0.00323713,0,0,0.00300047,0,0.00112374
0.00314454,0,0,0.002916,0,0.00181123
0.00295374,0,0,0.00265265,0,0.0029975
0.00258384,0,0,0.00487848,0,0.00252486
0.00280306,-0.000119523,0,0.00661549,0,0.00167354
6.42037e-05,0.0020277,0,0.00688743,0,0.00221595
0.000582589,0.00233383,0,0.00710769,0,0.000958757
0.00139309,0.00233287,0,0.00706184,0,0.000627289
0.000902638,0.00259011,0,0.00755828,0,5.8903e-05
0.000803345,0.00255222,0,0.00756306,0,0.000130053
0.000462168,0.00281237,0,0.00802052,0,0.000224336
9.26804e-05,0.00331254,0,0.00930742,0,0.000187596
0.000312033,0.00369366,0,0.00976756,0,0.000956734
0.000505558,0,0,0.00216299,0,0.00164677
0.000989855,0.000706802,0,0.00295256,0,0.00162048
0.000597601,0.000310087,0,0.00349397,0,0.00154775
0.000188475,0,0,0.00227298,0,0.00180242
0,0,0,0.00113373,0,0.00152527
0.000575218,0,0,0.00107269,0,0
0.00132125,0,0,0.00137044,0,0
0.00095571,0,0,0.00108989,0,-7.57236e-05
0.00171463,0,0,0.00108508,0,0
0.00173654,0,0,0.00108402,0,0
0.00205623,0,0,0.00194361,0,0
0.00132649,0,0,0.00235082,0,0
0.00112901,0,0,0.00235133,0,0
0.000956394,0,0,0.00199758,0,0
0.000904051,0,0,0.00284908,0,0
0.0012461,0,0,0.00212986,0,0.000135283
0,0.000937088,0,0.00520869,0.00328371,0.00201577
0,0.0010833,0,0.00520482,0.00372008,0.00170643
0.000242277,0.000905014,0,0.00496909,0.00335897,0.00192597
0.000788454,0.000865446,0,0.00518762,0.00294908,0.00188953
0.000884109,0.000866433,0,0.00514656,0.0030378,0.00209857
0.00054598,0.000866931,0,0.00510356,0.0032209,0.00216843
0,0.00104642,0,0.00538576,0.00411622,0.00202724
0,0.00134652,0,0.00584395,0.00827562,0.00201308
0,0.00148516,0,0.00651631,0.0066224,0.00173085
0.00125786,0.00152615,0,0.0066061,0.00335237,0.00181076
0.000631786,0,0,0.00341556,0.00901669,0.00447946
0.000762892,0.000432796,0,0.00400223,0.00888592,0.00444792
0.000710183,0.000193746,0,0.00400976,0.00912935,0.00455071
0,0.000370708,0,0.00393741,0.0146102,0.0051718
0,0.00522841,0,0.00177418,0.0135855,0.0179764
0,0.00448651,0,0.00177242,0.0130788,0.0157637
0,0.00474404,0,0.00261834,0.0123845,0.0154653
0,0.00470617,0,0.0024924,0.0112503,0.0157897
0,0.00470714,0,0.00249352,0.0114072,0.0158593
0,0.00488758,0,0.00286572,0.0129625,0.0161315
0,0.00518818,0,0.0033684,0.0111607,0.0167651
0,0.00550732,0,0.00445626,0.0106616,0.0166916
0,0.00585327,0,0.00102947,0.00341875,0.0157196
0,0.00581107,0,0.000807859,0.00266953,0.0153244
0,0.00581381,0,0.000726642,0.00150654,0.0146613
0,0.00581161,0,0.000721484,0.00126646,0.0147485
0,0.00607371,0,0.00118442,0.00079012,0.0146856
0,0.00603338,0,0.00114095,0.00207748,0.015359
0,0.00603356,0,0.00109767,0.00152008,0.016519
0,0.00621429,0,0.00160136,0.00254337,0.0167301
0,0.00677346,0,0.00212275,0.00258292,0.0164892
0,0.00705373,0,0.00330071,0.00103961,0.0161475
0,0.00687475,0,0.00219067,0.00207014,0.0164247
0,0.0069133,0,0.00218688,0.00226169,0.016362
0,0.00639169,0,0.000701797,0.00224357,0.0169066
0.0013224,0.00475897,0,0,0,0.0123979
0.00103699,0.00437938,0,0,0,0.0118164
-9.13465e-05,0.00401952,0,0,0,0.0123712
0.000106563,0.00393866,0,0,0,0.0125317
0.000107894,0.00375769,0,0,0,0.0128181
0.000447734,0.00372113,0,0,0,0.0127846
0.00109018,0.00407874,0,0,0,0.0124743
0.00133137,0.00415516,0,0,0,0.0128636
0.00185372,0.00247976,0,-0.00141393,0,0.0071779
0.00160597,0.002887,0,0,0,0.00548289
0.0015544,0.00222645,0,-0.00202699,0,0.00740196
0.000875982,0.00262393,0,-0.000854167,0,0.00910465
0.00121625,0.00290565,0,-0.000544863,0,0.00926869
0.00135753,0.00118205,0,-0.00239565,0,0.00462933
0.00143245,0.00145981,0,-0.00239461,0,0.00541815
0.00160109,0.00172184,0,-0.00276165,0,0.00645384
0.00084168,0.00222101,0,-0.0012149,0,0.00653956
0.00167318,0.00259913,0,-0.00141441,0,0.00753577
0.00307909,0.0009855,0,-0.00574317,0,0.00635592
0.00302436,0.00167607,0,-0.00382366,0,0.00563944
0.00280445,0.00187723,0,-0.00290435,0,0.00639982
0.00234509,0.0016961,0,-0.0040629,-0.000342596,0.00877902
0.00219596,0.00173641,0,-0.00406256,8.67504e-05,0.008411
0.00202456,0.00199398,0,-0.0035224,0,0.00929054
0.00170416,0.00177348,0,-0.00402637,0.00115967,0.00943008
0.00209486,0.00225424,0,-0.0026724,0,0.00822471
0.00273332,0.00235445,0,-0.00186461,0,0.00790722
0.00151921,0.000386418,0,-0.00664477,0.00416406,0.00657129
0.0025443,0.00123609,0,-0.00557405,0.00156654,0.00629719
0.00246474,0.00265371,0,-0.00285322,0.0018407,0.00544629
0.00251107,0.00245518,0,-0.00285037,0.00177662,0.00556817
0.00217309,0.00219506,0,-0.00361419,0.00277712,0.00714887
0.00234849,0.00187368,0,-0.00505734,0.00227639,0.00812006
0.00144325,0.000615337,0,-0.0074822,0.000863346,0.00233984
0.00119058,0.000796906,0,-0.00748126,0.000481773,0.00335458
0.000851349,0.000799704,0,-0.00756309,0.00162469,0.00413937
0.000753766,0.00097761,0,-0.00767678,0.00260653,0.00442046
0.000582696,0.00153949,0,-0.00697457,0.00430989,0.00481632
0,0.00254945,0,-0.00446752,0.000389841,0.00578475
0,0.0022722,0,-0.00481545,0,0.00537973
0,0.00217153,0,-0.00523141,0.000300122,0.0053221
0,0.00265151,0,-0.00448992,0.00201348,0.00494536
0,0.00311127,0,-0.00285513,0,0.0051197
0,0.00546262,0,-0.000316944,0.0048552,0.0133558
0,0.00493972,0,-0.000555729,0.00343329,0.0112973
0,0.00489896,0,0,0.00207979,0.00960681
0,0.00471909,0,0,0.000905244,0.00923888
0,0.00415698,0,-0.000801515,0.00159326,0.00920966
0,0.00174168,0,-0.00807226,0.000935352,0.00589092
0.000315149,0.000928488,0,-0.00756789,0,0.00345473
0,0.00150879,0,-0.00580017,0,0.00237645
0.000185554,0.00110605,0,-0.00685242,0,0.00305556
0,0.000646977,0,-0.00866079,0.00202866,0.00405845
0,0.00182331,0,-0.00683147,0,0.00296833
0,0.00126254,0,-0.00753317,0.000785721,0.00321304
0,0.00118307,0,-0.00818564,0.00134291,0.00321639
0,0.00154372,0,-0.0068316,0,0.00330699
0,0.00444739,0,-0.00319709,0.00478324,0.00868453
0,0.00437321,0,-0.00262948,0.00401761,0.00812707
0,0.00445239,0,-0.00245679,0.00402007,0.00883908
0,0.00445283,0,-0.0025869,0.00422023,0.00869943
0,0.00445216,0,-0.0018904,0.0028437,0.00816736
0,0.00409216,0,-0.00293743,0.00337237,0.00809412
0,0.00427142,0,-0.0018703,0.00430701,0.00699666
0,0.00405234,0,-0.00250067,0.00296867,0.00704024
0,0.00375203,0,-0.00287216,0.00313851,0.00722712
0,0.00379299,0,-0.00286964,0.00306251,0.0071904
0,0.00353509,0,-0.00380356,0.00210048,0.00741009
0,0.00321311,0,-0.00494228,0.00296594,0.00773654
0,0.0036539,0,-0.00415464,0.00414444,0.0065503
0,0.00171713,0,-0.00841289,0.00301719,0.00483174
0,0,0,-0.00954394,0,0.00252743
0,0.000786271,0,-0.00662148,0,0
1.25172e-05,0.000506241,0,-0.00740593,0,0
0,0,0,-0.00976317,0,0
0,0.000234835,0,-0.00854572,0,0
0,0.000445499,0,-0.00821532,0,0
0,0.000747768,0,-0.008015,0,0
0,0.00088686,0,-0.00808215,0,0
0,0.00118748,0,-0.00757902,0,0.000989899
0,0.0011489,0,-0.00757462,0,0.000529397
0,0.00047306,0,-0.00781093,0,0
0,0.000757173,0,-0.00770176,0,0.000529676
0,0.00157681,0,-0.00676485,0,0.00128358
0,0.0014566,0,-0.00676565,0,0.00115778
0,0.00171643,0,-0.00656937,2.12092e-05,0.00240344
0,0.000506182,0,-0.00854518,0,0.000553029
0,0.000244994,0,-0.00854717,0,0.000142555
0,0.000427082,0,-0.00891235,0,0.00146114
0,0.0015059,0,-0.00751996,0,0.0025864
0,0.00152671,0,-0.0070605,0.000654473,0.00307476
0,0.00130724,0,-0.00786645,0,0.00365897
0,0.00116676,0,-0.00802038,0.000180787,0.00328059
0,0.00112674,0,-0.00710447,0,0.00210469
0,0.00112711,0,-0.00710331,0,0.00228782
0,0.000608857,0,-0.007667,0,0.0017328
0,0.000508827,0,-0.00781887,0,0.00148318
0.000328077,0,0,-0.00990442,0,0
0.000411125,0,0,-0.0104049,0,-2.00913e-05
0,0,0,-0.0100348,0,0.000313916
0,0,0,-0.00935817,0,0.000223236
0,0,0,-0.00961683,0,0.000172402
0,0,0,-0.00922801,0,-1.8677e-06
0,0,0,-0.0101236,0,6.60232e-05
0,0,0,-0.0101226,0,7.6567e-05
0.000244819,0,0,-0.0102319,0,0
0.000197854,0,0,-0.0103196,0,0
0,0,0,-0.00900906,0,0.00121452
0,0,0,-0.00879401,0,0.00108054
0,0,0,-0.0104282,0,0.00138055
0,0,0,-0.00970837,0,0.000537855
0,0,0,-0.00905138,0,0.000338874
0,0,0,-0.00787364,0,0.00270749
0,0,0,-0.00824693,0,0.00261923
0,0,0,-0.00806775,0,0.00280395
0,0,0,-0.0081523,0,0.00285629
0,0,0,-0.00762922,0,0.0031354
-0.000195655,0,0,-0.00220726,0,0
-0.000854232,0,0,-0.00237475,0,0
-0.00143331,0,0,-0.00172193,0,0
-0.00190177,0,0,-0.00285863,0.000792498,0
-0.00219116,0,0,-0.00153263,0.00099388,0
-0.00387272,0,0,-0.00549409,0.00304106,0
-0.0027296,0,0,-0.00619201,0.00094216,0
-0.00167098,0,0,-0.0063634,0.00138468,0
-0.00182009,0,0,-0.00527016,0.00113241,0
-0.00209062,0,0,-0.00446562,0.00132616,0
-0.00230573,0,0,-0.00576609,0.00326781,0
-0.00346493,0,0,-0.00463006,0.00589042,0
-0.00343477,0,0,-0.00317071,0.0069344,0
-0.00348375,0,0,-0.00231912,0.0068811,0
-0.00382511,0,0,-0.00376003,0.00846599,0
-0.00251743,0,0,-0.00648305,0.00484577,0
-0.00226443,-0.00121544,0,-0.00832008,0.00108753,0
-0.00184792,-0.00113349,0,-0.00916237,0.00252743,0
-0.00189626,-0.000393015,0,-0.00744001,0.00289848,-0.0001189
-0.00355916,-0.000399333,0,-0.0066519,0.00381679,0
-0.00325285,-0.00115052,0,-0.00806206,0.00463445,0
-0.00352411,-0.00103142,0,-0.0078887,0.00461922,0
-0.00364375,-0.00103359,0,-0.0078929,0.00464352,0.000117065
-0.00369474,-0.00103259,0,-0.00789102,0.00433714,-9.09899e-05
-0.00369335,-0.000771467,0,-0.00743106,0.0046862,-5.60839e-06
-0.00369243,-0.000813113,0,-0.00743545,0.00499116,0
-0.00369404,-0.000812594,0,-0.00743378,0.00509037,0
-0.00342341,-0.000633486,0,-0.00693441,0.00476363,0
-0.00364203,-0.000332229,0,-0.00612463,0.00526679,0
-0.00369355,-0.000553641,0,-0.00693487,0.00621999,0
-0.00386245,-0.00111287,0,-0.00771783,0.00642203,0
-0.00438286,-0.00211257,0,-0.00814231,0.00366085,-0.00153874
-0.00446584,-0.00286943,0,-0.0098371,0.00549728,-0.000536788
-0.00370285,-0.00243259,0,-0.00853631,0.00322508,-0.00119948
-0.00368417,-0.00209185,0,-0.00794497,0.00118,-0.00199841
-0.00390337,-0.0024937,0,-0.0088655,0.00141707,-0.0016948
-0.00470479,-0.00309245,0,-0.00969096,0.00562868,-0.00146956
-0.00495256,-0.00301332,0,-0.00969266,0.00492123,-0.00149946
-0.00325475,-0.00405283,0,-0.0120028,0,-0.00370701
-0.00595701,-0.00328847,0,-0.009071,0.00422375,0
-0.00502225,-0.00315397,0,-0.00924492,0.00294639,-0.00112536
-0.00492342,-0.0031527,0,-0.0090232,0.00295852,-0.00104327
-0.00458178,-0.00367767,0,-0.00999313,0.00181329,-0.000496691
-0.00421274,-0.00359478,0,-0.0100307,0.00161348,-0.000327403
-0.0042706,-0.00341067,0,-0.0085129,0.000827356,-0.000260082
-0.00373159,-0.00379783,0,-0.00959993,-4.95699e-05,0
-0.00383154,-0.00387871,0,-0.00960225,6.33535e-05,0
-0.00437338,-0.00441766,0,-0.0112352,0.00148107,2.03944e-05
-0.00410313,-0.00401802,0,-0.0096226,0,-0.00129293
-0.00405142,-0.0044595,0,-0.0104556,0,-0.00195537
-0.00440929,-0.00232991,0,-0.00547331,0.00203624,0
-0.00424308,-0.00284916,0,-0.00588541,0.00234078,0
-0.00383545,-0.00403669,0,-0.00515277,0,0
-0.00370212,-0.00367856,0,-0.00421062,0,0
-0.00421231,-0.00389784,0,-0.00440606,0,0
-0.00571122,-0.00422089,0,-0.00576677,0.0038076,0
-0.00546069,-0.00429967,0,-0.00576292,0.00417603,0
-0.004378,-0.00429969,0,-0.00519496,0.00104652,0
-0.00414697,-0.00469927,0,-0.0040795,0.00302021,0
-0.00401808,-0.00463837,0,-0.00408107,0.00255781,0
-0.00402018,-0.00515686,0,-0.00516816,0.00229134,0
-0.0042902,-0.00507668,0,-0.00512323,0.00214991,0
-0.00474845,-0.00507872,0,-0.00482205,0.00383884,-0.000459335
-0.00302101,-0.00550591,0,-0.00529667,0.00234671,0
-0.00353801,-0.00560253,0,-0.00525624,0.00146315,0
-0.00359101,-0.00577885,0,-0.00570437,0.000958492,-0.000206511
-0.00392926,-0.00582272,0,-0.00536471,0.00237309,-0.000642049
-0.00402801,-0.00582014,0,-0.00535915,0.00211136,-0.000755649
-0.00351823,-0.00608017,0,-0.00564355,0.00129974,-0.000957928
-0.0025551,-0.00622112,0,-0.00614777,0,-0.00136419
-0.00410635,-0.00384628,0,-0.00498164,0.00392598,0
-0.00425041,-0.0042181,0,-0.00459,0.00456949,0
-0.0042992,-0.00447846,0,-0.00513561,0.00413843,0
-0.00402783,-0.00461908,0,-0.00537739,0.00354222,0
-0.00407801,-0.00543993,0,-0.00692706,0.00393715,0
-0.00296516,-0.00625516,0,-0.00859538,0.00350025,-0.00213069
-0.00368226,-0.00724361,0,-0.0100141,0.00590835,-0.00162552
-0.00410012,-0.00712545,0,-0.00997597,0.00748288,-0.00195336
-0.00405061,-0.00686072,0,-0.00920235,0.00697548,-0.00285367
-0.00404971,-0.00690267,0,-0.00920579,0.00688782,-0.00271243
-0.00388008,-0.00690341,0,-0.00933763,0.00677326,-0.003026
-0.00356256,-0.00672235,0,-0.00844082,0.00606479,-0.0031205
-0.00343939,-0.00720516,0,-0.0096243,0.00583258,-0.00261225
-0.0050367,-0.00697147,0,-0.0110437,0.00546942,0
-0.00439093,-0.00667801,0,-0.0106741,0.00492098,0
-0.00348194,-0.00671919,0,-0.0104163,0.00281276,0
-0.00363144,-0.00671877,0,-0.0104149,0.0031382,0
-0.00308949,-0.0070778,0,-0.0113711,0.00178333,0
-0.00280025,-0.00953919,0,-0.0159501,0,-0.00123682
-0.00187585,-0.00935468,0,-0.0161955,0,-0.00185369
-0.00185648,-0.0101726,0,-0.0177387,0,-0.00166906
-0.00180653,-0.0100549,0,-0.0177443,0,-0.00166381
-0.00214588,-0.0108348,0,-0.0190298,0,-0.00157311
-0.00146168,-0.00765946,0,-0.012644,0,0
-0.00160787,-0.00698082,0,-0.0125141,0,0
-0.00106666,-0.00661999,0,-0.0110725,0,0
-0.000656673,-0.00706089,0,-0.012034,0,0
-0.000237097,-0.00733965,0,-0.0130777,0,0
0,-0.00851297,0,-0.0167102,0,0
0,-0.00888627,0,-0.0176088,0,0
0,-0.00952478,0,-0.0185646,0,0
0,-0.00944534,0,-0.0183909,0,0
0,-0.00970644,0,-0.0187201,0,0
0,-0.00748072,0,-0.0154598,0,0
0,-0.00803526,0,-0.01751,0,0
0,-0.00859517,0,-0.0194722,0,0
0,-0.00927541,0,-0.020694,0,0
0,-0.00937362,0,-0.0206234,0,0
0,-0.0094153,0,-0.0208021,0,0
0,-0.0101323,0,-0.0223644,-0.000432707,0
0,-0.00161944,0,-0.00745557,0,0
0,-0.00367413,0,-0.00950694,0,0
0,-0.00461267,0,-0.0109211,0,0
0,-0.00467277,0,-0.0111169,0,0
0,-0.00471276,0,-0.0111606,7.0451e-06,0
0,-0.00471157,0,-0.0111572,-0.000165341,0
0,-0.00445381,0,-0.0106172,-0.000578612,0
0,0,0,0,-0.000842626,0.00211323
0,0,0,0,-0.00265774,0.00185157
0,0,0,-0.00171688,0,0.00207462
0,0,0,-0.00123882,0,0.00166823
0,0,0,-0.000192171,-0.00132089,0.000818667
0,0,0,0,-0.00501323,0.00370119
0,0,0,0,-0.00385848,0.00465181
0,0,0,0,-0.00662964,0.00485918
0,0,0,0,-0.0061489,0.004922
0,0,0,0,-0.00489976,0.0049569
0,0,0,0,-0.0110033,0.00713225
0,0,0,0,-0.0135307,0.00698742
3.09652e-05,0,0,0,-0.0141885,0.00684304
0.00039213,0,0,0,-0.0157051,0.0064293
0.000682685,0,0,0,-0.0157594,0.00559549
0.0079524,0,0,0,-0.0333352,0.0069533
0.00696677,0,0,0,-0.0315737,0.0071584
0.00652377,0,0,0,-0.0291959,0.00746886
0.00662527,0,0,0,-0.0285048,0.00738529
0.00662584,0,0,0,-0.0289131,0.00712517
0.00628415,0,0,0,-0.0284241,0.00683325
0.00618312,0,0,0,-0.0296059,0.00671637
0.00618457,0,0,0,-0.0293972,0.00667808
0,1.93765e-05,0,0.00309923,0.00434804,0.0101209
-0.000115119,0.00154581,0,0.0042841,-0.00147413,0.00975687
0.0020715,0.00110609,0,0.00337067,-0.00676725,0.0101146
0.00237275,0.000243836,0,0.00203556,-0.00692143,0.0106554
0.00272637,0.000230709,0,0.00318155,-3.88153e-05,0.0132471
0.00309952,0,0,0.00257182,-0.00203318,0.0146171
0.00355935,0,0,0.00176906,-0.00525289,0.0142977
0.00424977,0,0,0.00180646,-0.00571375,0.0136719
0.00415023,0,0,4.007e-05,-0.00480556,0.0140327
0.01259,0,0,0,-0.0184059,0.0169669
0.0118767,0,0,0,-0.0242526,0.0165587
0.0121255,0,0,0.000712193,-0.0242607,0.0166178
0.0117847,0,0,0.000749418,-0.022647,0.0169948
0.0111445,0,0,2.84409e-05,-0.0230175,0.0175723
0.0112462,0,0,0.000114371,-0.0234216,0.0175271
0.0117833,0,0,0.000615835,-0.0249573,0.0171587
0.0120244,0,0,0,-0.0254318,0.0173332
0.0123929,0,0,0,-0.025002,0.017675
0.0157838,0,0,0.00154185,-0.0248882,0.0252068
0.0167965,0,0,0.0023442,-0.0253864,0.0267785
0.0164561,0,0,0.00171225,-0.0235941,0.0268746
0.0171643,0,0,0.00175669,-0.0254774,0.0265709
0.0170151,0,0,0.0011691,-0.024729,0.0267001
0.0175565,0,0,0.000929601,-0.0262467,0.0269916
0.0174566,0,0,0.00132164,-0.0266216,0.0270159
0.0171844,0,0,0.000604797,-0.0253241,0.0273574
0.017234,0,0,0.000609939,-0.0249984,0.0273033
0.0172334,0,0,0.000912383,-0.0252632,0.0273558
0.0174039,0,0,0.000905774,-0.0261634,0.0273471
0.017992,0,0,0.00099462,-0.0256866,0.0271375
0.0191324,0.00170868,-0.00281838,0.011659,-0.010397,0.0276044
0.0189587,0.00147704,-0.00291671,0.0117037,-0.0128076,0.0286542
0.0190571,0.0014754,-0.00297706,0.0117,-0.0127728,0.0284972
0.019055,0.000756436,-0.00309712,0.00991405,-0.0124287,0.0299523
0.0159772,0.00536687,-0.00624434,0.0203132,0,0.0281544
0.0145273,0.0044546,-0.00560538,0.0199034,0,0.0290844
0.0147996,0.00363367,-0.00557527,0.0185272,0,0.0297576
0.014851,0.00393373,-0.00533506,0.0188974,0,0.0296564
0.0146805,0.00371481,-0.00635524,0.0188778,0,0.0297523
0.00302098,0.00463781,-0.0125931,0.0329383,0.0636238,0.0182723
0.00483189,0.0053546,-0.0145572,0.0344222,0.0514698,0.0196849
0.00392192,0.00527224,-0.0142573,0.0342848,0.0554644,0.0197167
0.00390213,0.00527136,-0.014377,0.0344585,0.0563653,0.0198999
0.00304446,0.00563238,-0.0150668,0.0362494,0.0594838,0.0195127
0.00319265,0.0057115,-0.0152471,0.036247,0.0590315,0.019586
0.00292022,0.00571033,-0.0153673,0.0367227,0.0616683,0.0192716
-0.0074452,0.000731171,-0.00635013,0.024504,0.0643685,0
-0.010242,0.00167762,-0.00785844,0.0253119,0.0624131,0
-0.0106307,0.00119751,-0.00803818,0.0246137,0.0634894,0
-0.0101885,0.000737519,-0.00860802,0.0230657,0.0625411,0
-0.0104594,0,-0.00929823,0.0214297,0.0639088,0
-0.0105068,0,-0.00920786,0.021427,0.0641981,0
-0.0145242,0,0,0.0058686,0.0452856,-0.00228661
-0.0175251,0,0,0.00491225,0.0344738,-0.0105801
-0.0171893,0,0,0.00491351,0.0354908,-0.0100982
-0.0174611,0,0,0.00498016,0.0384417,-0.00932379
-0.0174095,-8.6214e-05,0,0.00643998,0.0366768,-0.00940399
-0.0182225,0.000202127,0,0.00659258,0.0367059,-0.00877463
-0.0185818,0.000499848,0,0.0068278,0.0369726,-0.00846563
-0.0195415,0.000461946,0,0.0067893,0.0387331,-0.00773463
-0.0193892,0.000721369,0,0.00807411,0.0389706,-0.00795079
-0.0193904,0.000500655,0,0.0078318,0.0403193,-0.00817679
-0.0166683,0.00729713,0,0.0213782,0.0218845,-0.00792271
-0.0147878,0.0066049,0,0.0224236,0.0145946,-0.00835944
-0.015158,0.00616572,0,0.021248,0.0157798,-0.00742595
-0.0165585,0.00606474,0,0.0206131,0.0185333,-0.00636528
-0.016308,0.00602312,0,0.0206102,0.0181034,-0.00650649
-0.00607568,0.0082071,0,0.0277958,0,-0.00176979
-0.00712206,0.00921119,0,0.0286655,-0.00847224,-0.00267814
-0.00876359,0.00859099,0,0.0275522,-0.00341014,-0.00152466
-0.00994305,0.0084695,0,0.0274621,0,-0.00203607
-0.00624299,0.00687284,0,0.0250801,-0.0108735,-0.0104536
-0.00684234,0.00625599,0,0.0241819,-0.0108676,-0.00978944
-0.00787574,0.0061182,0,0.0235985,-0.0101817,-0.0102226
-0.00852487,0.00659637,0,0.0245971,-0.00892974,-0.0104736
-0.0087738,0.0065164,0,0.0245963,-0.00857629,-0.0105466
-0.0110116,0.00493489,0,0.0195603,0,-0.00590353
-0.0108612,0.00517875,0,0.0193875,0,-0.00489992
-0.0116923,0.00569778,0,0.0198648,0,-0.00516697
-0.0124299,0.00633894,0,0.0218741,0,-0.00585772
-0.012499,0.00753912,0,0.024229,0,-0.00585239
-0.0102481,0.00306037,0,0.00842523,0.0160972,0
-0.0115246,0.00158081,0,0.00742232,0.0244076,0
-0.0123145,0.00201917,0,0.00850785,0.0256899,0
-0.011535,0.00287965,0,0.0103631,0.0238721,0
-0.0113341,0.00276169,0,0.0103695,0.0242422,0
-0.0111059,0.000409579,0,0.0050302,0.0144453,0
-0.0104964,0.00131228,0,0.00627539,0.0151673,0
-0.0105983,0.00143104,0,0.00627241,0.0149452,0
-0.0114072,0.00161273,0,0.00651672,0.0160199,0
-0.0112566,0.0021707,0,0.00755896,0.0169665,0
0,0.0061241,0,0.0157841,0,0.0103953
0,0.00780389,0.00388289,0.0167725,0,0.00776634
0,0.00804103,0.00182094,0.0174636,0.00302698,0.00834271
0,0.00812031,0.00185172,0.0174632,-0.000432035,0.00825004
0,0.0083002,0.00209089,0.0180079,0,0.00949574
0,0.00834198,0.00179109,0.0180115,0,0.0100552
0,0.00852121,0,0.0186862,-0.00139265,0.0104988
0,0.00830013,0,0.0181826,-0.00393407,0.0104982
0.0107819,0.00619402,0,0.0137865,-0.0138277,0.0139852
0.00721117,0.00571545,0,0.0135652,-0.017409,0.0133712
0.0073601,0.00571624,0,0.0135667,-0.0172387,0.0133621
0.008041,0.00545932,0,0.0128531,-0.0191352,0.013648
0.00565987,0.00831953,0,0.0205598,-0.00938558,0.0212633
0.00613828,0.00842739,0,0.0195153,-0.00601383,0.0205084
0.00613538,0.00904736,0,0.0204095,-0.00642951,0.0197648
0.00681744,0.00994761,0,0.0222199,-0.00943682,0.0197842
0.0064795,0.00964607,0,0.0217578,-0.00727388,0.0212815
0.0065794,0.0096073,0,0.0217608,-0.00685733,0.0210264
0.00577002,0.00996797,0,0.0230284,-0.00479546,0.0213718
0.00625994,0.0103075,0,0.0234847,-0.00485637,0.0215514
0.00662951,0.0102675,0,0.0230482,-0.00522346,0.0219767
0.0060669,0.0102692,0,0.0226153,-0.0035346,0.0219503
0.0107795,0.00688521,0,0.0184143,-0.00699576,0.0144288
0.010559,0.00665591,0,0.0192918,-0.011784,0.0153905
0.0104872,0.00657464,0,0.0190712,-0.0105181,0.0162067
0.00968668,0.00605361,0,0.0176739,-0.00822518,0.0170146
0,0,0,0.00309888,0,0
0,0,0,0.00419101,0,0
0,0,0,0.00412453,0,0
0,0,0,0.00477825,-0.00120928,0
0,0,0,0.0047774,0.000632549,0
0,0,0,0.00523088,0.00200159,0
0,0,0,0.00398558,0.00265164,0
0,0,0,0.0035237,0.00149296,0
0,0,0,0.00271983,0.000153243,0
0,0,0,0.00285158,0.000900204,0
0,0,0,0.00333649,0.00209484,0
0,0,0,0.00224288,0,0
0,0,0,0.00224307,0,0
0,0,0,0.00261575,0.00106701,0
0,0,0,0.00206717,-4.71586e-05,0
0,0,0,0.000561639,0.00139315,0
0,0,0,0.00152328,0.000563571,0
0,0,0,0.0015167,0.000659871,0
0,0,0,0.00106656,0,0
0,0,0,0.00180209,0.000774835,0
0,0,0,0.00162987,0.00205748,0
0,0,0,0.00213145,0.00163673,0
0,0,0,0.00250204,0.000735759,0
0,0,0,0.00276425,0.00142234,0
0,0,0,0.003589,0,0
0,0,0,0.00346075,-0.000227777,0
0,0,0,0.00413422,0,0
0,0,0,0.00434995,5.87028e-05,0
0,0,0,0.00376519,0,0
0,0,0,0.00376252,0.000220863,0
0,0,0,0.00375724,0.000190614,0
0,0,0,0.00354043,0.000737146,0
0,0,0,0.00358615,0,0
0,0,0,0.0040191,0,0
0,0,0,0.00373371,0,0
0,0,0,0.00364486,0,0
0,0,0,0.0039946,0,0
0,0,0,0.00377994,0,0
0,0,0,0.00386762,0,0
0,0,0,0.00386497,0,0
0,0,0,0.003865,0,0
0,0,0,0.00377899,0,0
0,0,0,0.00419152,0,0
0,0,0,0.00692362,0,0
0,0,0,0.00729791,0,0
0,0.00138971,0,0.00892587,0,0
-0.00190201,0.00111882,0,0.0103063,0,0
0.000367461,0.00153746,0,0.0117649,0,-0.00329034
0.000687399,0.00269947,0,0.0139498,0,0.00122199
0.000808292,0.00289807,0,0.0146447,0,0.00356667
0.00139813,0.00349997,0,0.0147798,0,0.004498
0.00129768,0.00341738,0,0.0147731,0,0.00481754
0.00848871,0.0104098,0,0.0248376,0,0.0164502
0.00732774,0.00969493,0,0.0258435,0,0.0203842
0.00872673,0.0108169,0,0.0275915,0,0.0203596
0.00881688,0.0111962,0,0.0288766,0,0.020731
0.00837581,0.0110538,0,0.0282832,0,0.0216243
0.0122816,0.0117,0,0.0330644,0,0.0300442
0.01421,0.0118345,0,0.0329768,0,0.0287152
0.0144006,0.0120144,0,0.033478,0,0.0280856
0.0144997,0.0120563,0,0.033787,0,0.0279822
0.0143303,0.0115162,0,0.0319343,0,0.0286419
0.014546,0.0108775,0,0.0304101,0,0.0287463
0.0146666,0.0109557,0,0.0304491,0,0.0285406
0.0158575,0.00786197,0,0.0278566,0,0.0240762
0.014626,0.00869652,0,0.0287249,0,0.023923
0.0143252,0.00877994,0,0.0287324,0,0.0237604
0.0141569,0.00877638,0,0.0285929,0,0.0250694
0.0135635,0.00929665,0,0.0298155,0,0.0250114
0.0122687,0.00971346,0,0.0317383,0.0101151,0.0265723
0.0132093,0.0103423,0,0.0326509,0.00746034,0.026619
0.01347,0.0102636,0,0.0323489,0.00677816,0.027165
0.0136189,0.0102623,0,0.0322148,0.00579378,0.027296
0.0131086,0.0104419,0,0.03254,0.00738513,0.0273902
0.0129567,0.010486,0,0.0325484,0.00776337,0.0273829
0.0126165,0.0104824,0,0.0325834,0.00830038,0.0280637
0.011706,0.0102251,0,0.0320449,0.0109942,0.0285849
0.0123658,0.0102633,0,0.0317796,0.00921858,0.0290056
0.0122459,0.0105236,0,0.0325438,0.0100266,0.0286755
0.010541,0.00777254,0,0.0240899,0.00581012,0.0198944
0.00975349,0.00743017,0,0.0245479,0.00498879,0.0208855
0.0099743,0.00757058,0,0.0247891,0.00419266,0.020132
0.00921496,0.00734934,0,0.023936,0.00447715,0.0203152
0.00936435,0.00738949,0,0.0239356,0.00439882,0.0203342
0.00211595,0,0.00623151,0,-0.0195382,0
0.00328758,0,0.00768633,0,-0.0152019,0
0.00377643,0,0.00834642,0,-0.017143,0
0.0033363,0,0.00798665,0,-0.0164408,0
0.00242748,0,0.00783625,0,-0.0134183,0
0.00257807,0,0.00795676,0,-0.0132733,0
0.00257985,0,0.00792678,0,-0.0131189,0
0.00274872,0,0.00720686,0,-0.0142076,0
0.00307028,0,0.00768682,0,-0.0153695,0
0.00119205,0,0.0103449,0,-0.0159292,0
0.000925134,0,0.010157,0,-0.0167413,0
0.000875356,0,0.0102177,0,-0.0166356,0
0.000333223,0,0.00973712,0,-0.0152598,0
0.000435892,0,0.00925746,0,-0.0154738,0
0.000435877,0,0.00883734,0,-0.0162425,0
9.94179e-05,0,0.0109496,0,-0.0146174,0
0,0,0.0105776,0,-0.0144248,0
7.426e-07,0,0.0100378,0,-0.0155158,0
0,0,0.0101282,0,-0.0154056,0
0,0,0.00976792,0,-0.0154128,0
0,0,0.00946796,0,-0.0139135,0
0,0,0.0114551,0,-0.014527,0
0,0,0.0109888,0,-0.017194,0
0,0,0.0113186,0,-0.0157387,0
0,0,0.0106585,0,-0.015906,0
0,0,0.00960904,0,-0.0155229,0
0,0,0.0112569,0,-0.0129795,0
0,0,0.0110156,0,-0.0129376,0
0,0,0.0100385,0,-0.0154089,0
0,0,0.00922905,0,-0.0157862,0
0,0,0.00859885,0,-0.0144009,0
0,0,0.00913836,0,-0.0147237,0
0,0,0.00949863,0,-0.0154038,0
0,0,0.00961794,0,-0.0152861,0
0,0,0.0096754,0,-0.0118995,0
0,0,0.00825005,0,-0.0140217,0
0,0,0.00849013,0,-0.0149654,0
0,0,0.00903046,0,-0.0121984,0
0,0,0.00881985,0,-0.0159331,0
0,0,0.00976603,0,-0.0142486,0
0,0,0.00948341,0,-0.0133891,0
0,0,0.00945368,0,-0.0134952,0
0,0,0.0084938,0,-0.0164567,0
0,0,0.0077137,0,-0.014345,0
0,0,0,0,0.00390716,0
0,0,0,0,0.0193522,0
0,0,0,0,0.0166705,0
0,0,0,0,0.017491,0
0,0,0,0,0.0172674,0
0,0,0,0,0.0176471,0
0,0,0,0,0.017581,0
0,0,0,0,0.00384277,0
0,0,0,0,0.00644791,0
0,0,0,0,0.00652694,0
0,0,0,0,0.00597558,0
0,0,0,0,0.00639002,0
0,0,0,0,0.00643612,0
0,0,0,0,0.00552193,0
0,0,0,0,0.00483228,0
0,0,0,0,0.00373153,0
0,-0.00156415,0,0,-0.00349491,0.00383876
0,-0.00018744,0,0,-0.00299347,-0.000285151
0,-0.00174539,0,-0.00116792,-0.00268265,-0.00153432
0,-0.00279871,0,-0.0153006,0,-0.0107653
0,-0.00256541,0,-0.0144708,0,-0.00856025
0,-0.0026455,0,-0.0144708,0,-0.00838046
0,-0.0018637,0,-0.0134858,0,-0.00777359
0,0,0,0,0.00158653,0
0,0,0,0,0.00290733,0
0,-0.000533536,0,0,0.00199414,0
0,-0.00147317,0,0,0,-0.00224779
0,-0.00146034,0,0,0.00076453,-0.00212439
0,-0.00124045,0,0,0.00338319,-0.00125213
0,-0.00128013,0,0,0.00288669,-0.00135512
0,-0.000499618,0,0,0.000327051,-0.00253794
0,-0.00058144,0,0,0.0040835,0
0,-0.00135349,0,0,0.00325161,0
0,-0.000691521,0,0,0,-0.00123268
0,-0.000570294,0,0,0,-0.00147898
0,-0.000540713,0,0,0.00297488,0
0,-0.000720954,0,0,0.00130584,0
0,-0.000304188,0,0,0.00249527,0
